MA0003	2	(4, 7) 0.362879560416	3.94948250326
MA0007	2	(15, 18) 0.280850685173	2.46137953848
MA0009	2	(7, 10) 0.276297771322	2.46137953848
MA0009	2	(9, 12) 0.392353608742	4.50752111506
MA0017	2	(3, 6) 0.304957878637	2.83340527968
MA0017	2	(8, 11) 0.293151479817	2.64739240908
MA0024	2	(3, 6) 0.302974042811	2.83340527968
MA0024	2	(4, 7) 0.289873691217	2.64739240908
MA0025	2	(3, 6) 0.38363556333	4.32150824446
MA0025	2	(6, 9) 0.343089926108	3.57745676207
MA0029	2	(1, 4) 0.343925282874	3.57745676207
MA0029	2	(8, 11) 0.3136915299	3.01941815027
MA0030	2	(3, 6) 0.310363388403	3.01941815027
MA0041	2	(4, 7) 0.295840879093	2.83340527968
MA0047	2	(7, 10) 0.358665113055	3.94948250326
MA0048	2	(9, 12) 0.366278158309	4.13549537386
MA0055	2	(3, 6) 0.335837361944	3.57745676207
MA0055	2	(6, 9) 0.399240184442	4.69353398565
MA0058	2	(1, 4) 0.281033756227	2.46137953848
MA0058	2	(4, 7) 0.349992047613	3.76346963267
MA0067	2	(1, 4) 0.275321900243	2.46137953848
MA0067	2	(4, 7) 0.348722931234	3.76346963267
MA0070	2	(1, 4) 0.334860657345	3.39144389147
MA0070	2	(4, 7) 0.30426137191	2.83340527968
MA0070	2	(6, 9) 0.410263999989	4.87954685625
MA0070	2	(7, 10) 0.35668019258	3.94948250326
MA0076	2	(6, 9) 0.292807172831	2.64739240908
MA0080	2	(4, 7) 0.278705906386	2.46137953848
MA0083	2	(1, 4) 0.341307674409	3.57745676207
MA0088	2	(8, 11) 0.29885144067	2.83340527968
MA0088	2	(10, 13) 0.311039830989	3.01941815027
MA0090	2	(6, 9) 0.317081580435	3.20543102087
MA0090	2	(9, 12) 0.308045678129	3.01941815027
MA0090	2	(10, 13) 0.323791352069	3.20543102087
MA0102	2	(2, 5) 0.310904865382	3.01941815027
MA0103	2	(3, 6) 0.305046087795	3.01941815027
MA0106	2	(2, 5) 0.296439153639	2.83340527968
MA0107	2	(5, 8) 0.357333792296	3.94948250326
pval 0.0