MA0002	5	(1, 7) 0.1667358648	4.10809206987
MA0003	5	(1, 7) 0.140576922826	3.26009141325
MA0003	5	(2, 8) 0.188353467717	4.67342584096
MA0004	5	(1, 7) 0.149569909924	3.54275829879
MA0007	5	(2, 8) 0.123722361606	2.69475764216
MA0007	5	(3, 9) 0.144602909263	3.26009141325
MA0007	5	(4, 10) 0.133702821338	2.97742452771
MA0007	5	(5, 11) 0.121973789907	2.69475764216
MA0007	5	(10, 16) 0.135419717624	3.26009141325
MA0007	5	(12, 18) 0.179305666946	4.39075895541
MA0007	5	(14, 20) 0.108443036066	2.41209075662
MA0007	5	(16, 22) 0.105886534832	2.41209075662
MA0007	5	(17, 23) 0.133559879001	2.97742452771
MA0009	5	(1, 7) 0.161087464438	3.82542518433
MA0009	5	(3, 9) 0.188858171896	4.67342584096
MA0009	5	(4, 10) 0.156997561204	3.82542518433
MA0014	5	(4, 10) 0.159295129197	3.82542518433
MA0014	5	(6, 12) 0.174621378215	4.10809206987
MA0014	5	(7, 13) 0.110308311689	2.41209075662
MA0014	5	(9, 15) 0.138552580449	3.26009141325
MA0017	5	(1, 7) 0.138859384843	3.26009141325
MA0017	5	(2, 8) 0.154099148649	3.54275829879
MA0017	5	(5, 11) 0.20549294231	5.23875961204
MA0017	5	(8, 14) 0.187630623484	4.67342584096
MA0019	5	(1, 7) 0.198036097566	4.9560927265
MA0019	5	(3, 9) 0.132409959497	2.97742452771
MA0025	5	(1, 7) 0.135396192179	3.26009141325
MA0025	5	(2, 8) 0.208696114391	5.23875961204
MA0025	5	(3, 9) 0.212912575857	5.23875961204
MA0025	5	(5, 11) 0.126543763427	2.97742452771
MA0027	5	(2, 8) 0.169477914165	4.10809206987
MA0027	5	(3, 9) 0.109222263346	2.41209075662
MA0027	5	(4, 10) 0.107750678389	2.41209075662
MA0027	5	(5, 11) 0.121935267653	2.69475764216
MA0028	5	(1, 7) 0.358408046626	9.47876289516
MA0028	5	(2, 8) 0.146250452544	3.54275829879
MA0029	5	(3, 9) 0.144956131742	3.26009141325
MA0029	5	(5, 11) 0.295141532198	7.78276158191
MA0029	5	(9, 15) 0.241686239126	6.08676026866
MA0030	5	(1, 7) 0.136563369082	3.26009141325
MA0030	5	(3, 9) 0.361146329987	9.47876289516
MA0030	5	(4, 10) 0.115276668058	2.69475764216
MA0030	5	(5, 11) 0.160867626875	3.82542518433
MA0030	5	(7, 13) 0.135226954349	3.26009141325
MA0030	5	(8, 14) 0.31525981237	8.348095353
MA0032	5	(2, 8) 0.115229208106	2.69475764216
MA0033	5	(2, 8) 0.240019570998	6.08676026866
MA0038	5	(1, 7) 0.189361857981	4.67342584096
MA0038	5	(4, 10) 0.118541459282	2.69475764216
MA0039	5	(1, 7) 0.173961847538	4.10809206987
MA0039	5	(2, 8) 0.157516582039	3.82542518433
MA0039	5	(3, 9) 0.143102665823	3.26009141325
MA0040	5	(1, 7) 0.109746412105	2.41209075662
MA0040	5	(2, 8) 0.227568558436	5.80409338312
MA0040	5	(5, 11) 0.17455947287	4.10809206987
MA0040	5	(6, 12) 0.239489072406	6.08676026866
MA0041	5	(1, 7) 0.125549951788	2.97742452771
MA0042	5	(1, 7) 0.106863465627	2.41209075662
MA0042	5	(2, 8) 0.183271283003	4.39075895541
MA0042	5	(3, 9) 0.132716428982	2.97742452771
MA0042	5	(4, 10) 0.128808264658	2.97742452771
MA0042	5	(5, 11) 0.127369586001	2.97742452771
MA0042	5	(6, 12) 0.133856648767	2.97742452771
MA0046	5	(3, 9) 0.182717350296	4.39075895541
MA0046	5	(4, 10) 0.156443208568	3.82542518433
MA0046	5	(6, 12) 0.18266976736	4.39075895541
MA0046	5	(8, 14) 0.314852424964	8.06542846746
MA0047	5	(1, 7) 0.253662420754	6.36942715421
MA0047	5	(2, 8) 0.119117825036	2.69475764216
MA0047	5	(4, 10) 0.171133973115	4.10809206987
MA0048	5	(1, 7) 0.185648812663	4.67342584096
MA0048	5	(2, 8) 0.263844817853	6.65209403975
MA0048	5	(4, 10) 0.166089872018	4.10809206987
MA0048	5	(6, 12) 0.291168083784	7.50009469637
MA0048	5	(7, 13) 0.281697057358	7.21742781083
MA0050	5	(2, 8) 0.129032044793	2.97742452771
MA0050	5	(4, 10) 0.136272084327	3.26009141325
MA0051	5	(1, 7) 0.251010327695	6.36942715421
MA0051	5	(2, 8) 0.205268477506	5.23875961204
MA0051	5	(4, 10) 0.111891139255	2.41209075662
MA0051	5	(5, 11) 0.139091019405	3.26009141325
MA0051	5	(6, 12) 0.164313368919	3.82542518433
MA0051	5	(8, 14) 0.20353377845	4.9560927265
MA0051	5	(9, 15) 0.121167626349	2.69475764216
MA0052	5	(2, 8) 0.175640222993	4.39075895541
MA0055	5	(1, 7) 0.183184057786	4.39075895541
MA0055	5	(2, 8) 0.165695256928	4.10809206987
MA0055	5	(3, 9) 0.193129336412	4.67342584096
MA0055	5	(5, 11) 0.114732138823	2.41209075662
MA0055	5	(6, 12) 0.15132069331	3.54275829879
MA0057	5	(1, 7) 0.34738823071	9.19609600962
MA0057	5	(2, 8) 0.322682812328	8.348095353
MA0057	5	(4, 10) 0.129923975042	2.97742452771
MA0058	5	(1, 7) 0.210400582171	5.23875961204
MA0058	5	(2, 8) 0.204103314051	4.9560927265
MA0059	5	(1, 7) 0.225354123484	5.80409338312
MA0059	5	(2, 8) 0.194140294065	4.67342584096
MA0059	5	(3, 9) 0.10744568215	2.41209075662
MA0059	5	(5, 11) 0.136339019973	3.26009141325
MA0061	5	(1, 7) 0.11424867972	2.41209075662
MA0061	5	(4, 10) 0.131062154973	2.97742452771
MA0062	5	(2, 8) 0.221770063219	5.52142649758
MA0062	5	(3, 9) 0.162988390842	3.82542518433
MA0062	5	(4, 10) 0.230423483927	5.80409338312
MA0065	5	(2, 8) 0.15041671075	3.54275829879
MA0065	5	(3, 9) 0.108753979141	2.41209075662
MA0065	5	(4, 10) 0.111327589308	2.41209075662
MA0065	5	(7, 13) 0.210429953852	5.23875961204
MA0065	5	(8, 14) 0.192552408877	4.67342584096
MA0065	5	(11, 17) 0.240681951184	6.08676026866
MA0065	5	(14, 20) 0.167430807748	4.10809206987
MA0066	5	(3, 9) 0.200348676722	4.9560927265
MA0066	5	(7, 13) 0.110871574925	2.41209075662
MA0066	5	(10, 16) 0.109505235247	2.41209075662
MA0068	5	(7, 13) 0.124608804959	2.69475764216
MA0068	5	(14, 20) 0.203445893274	4.9560927265
MA0068	5	(18, 24) 0.167791759333	4.10809206987
MA0068	5	(19, 25) 0.171812858942	4.10809206987
MA0068	5	(20, 26) 0.115029264042	2.69475764216
MA0069	5	(2, 8) 0.160135622743	3.82542518433
MA0069	5	(3, 9) 0.198678493125	4.9560927265
MA0069	5	(4, 10) 0.106792272578	2.41209075662
MA0069	5	(5, 11) 0.329900144815	8.63076223854
MA0069	5	(8, 14) 0.150718296341	3.54275829879
MA0070	5	(1, 7) 0.302444027681	7.78276158191
MA0070	5	(2, 8) 0.247947989158	6.36942715421
MA0070	5	(3, 9) 0.149983742938	3.54275829879
MA0070	5	(4, 10) 0.452677378428	12.022764865
MA0070	5	(5, 11) 0.220372541315	5.52142649758
MA0071	5	(1, 7) 0.212702120368	5.23875961204
MA0071	5	(2, 8) 0.166820267389	4.10809206987
MA0071	5	(3, 9) 0.204848699704	4.9560927265
MA0071	5	(4, 10) 0.204766068326	4.9560927265
MA0072	5	(2, 8) 0.12335989473	2.69475764216
MA0072	5	(3, 9) 0.15823331941	3.82542518433
MA0072	5	(4, 10) 0.128035392166	2.97742452771
MA0072	5	(8, 14) 0.215646013025	5.52142649758
MA0073	5	(1, 7) 0.107794275446	2.41209075662
MA0073	5	(3, 9) 0.110230689713	2.41209075662
MA0073	5	(4, 10) 0.147716856247	3.54275829879
MA0073	5	(5, 11) 0.152483035499	3.54275829879
MA0073	5	(7, 13) 0.115233580095	2.69475764216
MA0073	5	(8, 14) 0.20681954414	5.23875961204
MA0073	5	(9, 15) 0.158641668337	3.82542518433
MA0073	5	(12, 18) 0.16462820367	3.82542518433
MA0073	5	(14, 20) 0.256209924208	6.65209403975
MA0073	5	(15, 21) 0.170428808242	4.10809206987
MA0074	5	(1, 7) 0.105360135896	2.41209075662
MA0074	5	(2, 8) 0.149272782149	3.54275829879
MA0074	5	(6, 12) 0.216270046175	5.52142649758
MA0074	5	(7, 13) 0.228724272213	5.80409338312
MA0076	5	(1, 7) 0.260887042258	6.65209403975
MA0077	5	(1, 7) 0.142783982294	3.26009141325
MA0078	5	(1, 7) 0.15955890618	3.82542518433
MA0078	5	(3, 9) 0.188489439303	4.67342584096
MA0079	5	(1, 7) 0.216507124458	5.52142649758
MA0079	5	(2, 8) 0.129187533346	2.97742452771
MA0079	5	(3, 9) 0.222017789687	5.52142649758
MA0079	5	(4, 10) 0.110988295929	2.41209075662
MA0080	5	(1, 7) 0.120998879153	2.69475764216
MA0083	5	(1, 7) 0.211888159519	5.23875961204
MA0083	5	(2, 8) 0.303017922989	7.78276158191
MA0083	5	(3, 9) 0.173217584094	4.10809206987
MA0083	5	(4, 10) 0.151341201708	3.54275829879
MA0083	5	(6, 12) 0.126169822325	2.97742452771
MA0084	5	(1, 7) 0.1672489844	4.10809206987
MA0084	5	(2, 8) 0.177942808008	4.39075895541
MA0087	5	(1, 7) 0.141367528328	3.26009141325
MA0088	5	(2, 8) 0.154913015562	3.54275829879
MA0088	5	(3, 9) 0.152236089063	3.54275829879
MA0088	5	(4, 10) 0.187516416798	4.67342584096
MA0088	5	(5, 11) 0.161576508032	3.82542518433
MA0088	5	(6, 12) 0.230731262373	5.80409338312
MA0088	5	(7, 13) 0.115000726599	2.69475764216
MA0088	5	(8, 14) 0.246023003581	6.36942715421
MA0088	5	(10, 16) 0.275041707501	7.21742781083
MA0088	5	(11, 17) 0.256408016443	6.65209403975
MA0088	5	(12, 18) 0.108972405974	2.41209075662
MA0090	5	(1, 7) 0.214550971874	5.23875961204
MA0090	5	(2, 8) 0.226337421803	5.80409338312
MA0090	5	(3, 9) 0.173097197324	4.10809206987
MA0090	5	(4, 10) 0.140853496509	3.26009141325
MA0090	5	(5, 11) 0.252220109486	6.36942715421
MA0090	5	(6, 12) 0.24058515629	6.08676026866
MA0091	5	(1, 7) 0.158752050392	3.82542518433
MA0091	5	(4, 10) 0.123095392773	2.69475764216
MA0092	5	(2, 8) 0.133107070473	2.97742452771
MA0092	5	(3, 9) 0.13637208512	3.26009141325
MA0092	5	(4, 10) 0.24516632504	6.36942715421
MA0093	5	(1, 7) 0.267266459778	6.93476092529
MA0098	5	(1, 7) 0.19639219151	4.9560927265
MA0100	5	(2, 8) 0.116200577996	2.69475764216
MA0101	5	(1, 7) 0.200179597152	4.9560927265
MA0101	5	(2, 8) 0.197760578384	4.9560927265
MA0101	5	(3, 9) 0.264025305068	6.65209403975
MA0102	5	(2, 8) 0.128592375983	2.97742452771
MA0102	5	(3, 9) 0.191740327537	4.67342584096
MA0102	5	(5, 11) 0.176134065714	4.39075895541
MA0105	5	(1, 7) 0.150233789953	3.54275829879
MA0106	5	(2, 8) 0.163454144256	3.82542518433
MA0106	5	(3, 9) 0.242730858112	6.08676026866
MA0106	5	(4, 10) 0.163661806485	3.82542518433
MA0106	5	(5, 11) 0.150862379602	3.54275829879
MA0106	5	(10, 16) 0.226775937982	5.80409338312
MA0106	5	(12, 18) 0.118828928857	2.69475764216
MA0107	5	(1, 7) 0.125129324246	2.97742452771
MA0107	5	(2, 8) 0.145304908612	3.54275829879
MA0107	5	(3, 9) 0.13039463603	2.97742452771
MA0107	5	(5, 11) 0.150717570037	3.54275829879
pval 0.0