MA0009	0	(9, 10) 0.400210990255	3.24416697742
MA0009	0	(10, 11) 0.381145974516	2.86526676777
MA0009	0	(11, 12) 0.388219278508	3.05471687259
MA0017	0	(7, 8) 0.355032745652	2.48636655811
MA0018	0	(2, 3) 0.355872241569	2.48636655811
MA0018	0	(9, 10) 0.370779141944	2.67581666294
MA0025	0	(2, 3) 0.362644197789	2.48636655811
MA0025	0	(8, 9) 0.362968731356	2.48636655811
MA0027	0	(4, 5) 0.384076761346	2.86526676777
MA0029	0	(7, 8) 0.391770388394	3.05471687259
MA0029	0	(9, 10) 0.3705608599	2.67581666294
MA0030	0	(9, 10) 0.369995187158	2.67581666294
MA0030	0	(12, 13) 0.362551452403	2.48636655811
MA0032	0	(3, 4) 0.371763383346	2.67581666294
MA0040	0	(6, 7) 0.356650146837	2.48636655811
MA0042	0	(7, 8) 0.421741293948	3.62306718708
MA0042	0	(11, 12) 0.400454533879	3.24416697742
MA0048	0	(2, 3) 0.514436910006	5.32811813054
MA0048	0	(7, 8) 0.399226407163	3.24416697742
MA0048	0	(12, 13) 0.372639225645	2.67581666294
MA0052	0	(4, 5) 0.367863217937	2.67581666294
MA0052	0	(7, 8) 0.394102287326	3.05471687259
MA0055	0	(8, 9) 0.381070520278	2.86526676777
MA0056	0	(1, 2) 0.421756027879	3.62306718708
MA0058	0	(3, 4) 0.498796922095	5.13866802571
MA0058	0	(4, 5) 0.41859810771	3.62306718708
MA0058	0	(5, 6) 0.365650763954	2.67581666294
MA0058	0	(7, 8) 0.374942256361	2.67581666294
MA0061	0	(3, 4) 0.428597794976	3.81251729191
MA0066	0	(19, 20) 0.396262149882	3.24416697742
MA0067	0	(7, 8) 0.410465467883	3.43361708225
MA0069	0	(6, 7) 0.386176775733	3.05471687259
MA0070	0	(9, 10) 0.358709026259	2.48636655811
MA0071	0	(5, 6) 0.397175233141	3.24416697742
MA0071	0	(7, 8) 0.374145249581	2.67581666294
MA0072	0	(8, 9) 0.395971934094	3.24416697742
MA0074	0	(2, 3) 0.366055685713	2.67581666294
MA0074	0	(10, 11) 0.370855322076	2.67581666294
MA0077	0	(1, 2) 0.405228067239	3.43361708225
MA0084	0	(3, 4) 0.462310441909	4.38086760639
MA0084	0	(7, 8) 0.37513177393	2.86526676777
MA0088	0	(1, 2) 0.443133813475	4.00196739674
MA0088	0	(11, 12) 0.482682819349	4.75976781605
MA0090	0	(5, 6) 0.376378936644	2.86526676777
MA0090	0	(6, 7) 0.424599845285	3.62306718708
MA0090	0	(8, 9) 0.440823965127	4.00196739674
MA0092	0	(3, 4) 0.398012631961	3.24416697742
MA0092	0	(8, 9) 0.359857914271	2.48636655811
MA0101	0	(2, 3) 0.528066938921	5.70701834019
MA0102	0	(1, 2) 0.613378205832	7.22261917882
MA0102	0	(11, 12) 0.386383028459	3.05471687259
MA0105	0	(2, 3) 0.397827680979	3.24416697742
MA0105	0	(5, 6) 0.379093203413	2.86526676777
MA0105	0	(7, 8) 0.417325043197	3.62306718708
MA0106	0	(17, 18) 0.385339250428	3.05471687259
pval 0.0