1.22
1.27
1.35
1.3
1.27
1.36
1.28
1.26
1.0
1.36
1.25
1.48
1.59
1.31
1.51
1.0
1.44
1.37
1.31
1.32
1.33
1.23
1.16
1.0
1.32
1.55
1.3
1.36
1.39
1.18
1.44
1.29
1.22
1.0
1.52
1.2
1.4
1.44
1.26
1.4
1.39
1.48
1.6
1.45
1.21
1.27
1.5
1.49
1.44
1.46
1.21
1.41
1.4
1.51
1.41
1.39
1.43
1.36
1.35
1.37
1.36
1.23
1.38
1.25
1.42
1.35
1.36
1.36
1.31
1.53
1.43
1.58
1.22
1.35
1.24
1.37
1.24
1.25
1.46
1.26
1.15
1.36
1.11
1.33
1.4
1.35
1.36
1.43
1.31
1.33
1.28
1.0
1.38
1.27
1.3
1.42
1.38
1.36
1.19
1.27
1.47
1.0
1.36
1.33
1.11
1.1
1.27
1.22
1.2
1.33
1.07
1.0
1.27
1.79
1.22
1.69
1.14
1.34
1.72
1.0
1.11
1.31
1.5
1.4
1.46
1.3
1.26
1.36
1.45
1.35
1.46
1.45
1.37
1.36
1.32
1.27
1.31
1.31
1.3
1.42
1.35
1.0
1.46
1.21
1.32
1.21
1.48
1.15
1.39
1.4
1.32
1.0
1.16
1.13
1.4
1.38
1.51
1.28
1.37
1.38
1.35
1.43
1.0
1.13
1.26
1.36
1.39
1.44
1.37
1.26
1.0
1.26
1.52
1.39
1.46
1.43
1.27
1.34
1.32
1.38
1.33
1.25
1.24
1.25
1.24
1.27
1.37
1.35
1.2
1.28
1.0
1.15
1.38
1.22
1.32
1.34
1.46
1.38
1.0
1.42
1.43
1.29
1.4
1.33
1.45
1.47
1.5
1.39
1.36
1.28
1.31
1.32
1.29
1.27
1.25
1.34
1.35
1.31
1.4
1.17
1.49
1.31
1.4
1.26
1.21
1.27
1.27
1.31
1.27
1.3
1.38
1.15
1.42
1.36
1.06
1.37
1.27
1.46
1.0
1.39
1.45
1.39
1.24
1.37
1.25
1.27
1.39
1.0
1.24
1.31
1.35
1.33
1.28
1.16
1.24
1.39
1.0
1.35
1.42
1.3
1.27
1.28
1.34
1.32
1.36
1.26
1.31
1.23
1.14
1.36
1.3
1.27
1.23
1.18
1.18
1.0
1.22
1.36
1.41
1.26
1.6
1.16
1.55
1.41
1.42
1.25
1.0
1.3
1.26
1.22
1.3
1.27
1.28
1.22
1.0
1.08
1.34
1.59
1.27
1.4
1.29
1.45
1.41
1.49
1.44
1.77
1.25
1.6
1.0
1.27
1.44
1.4
1.4
1.36
1.4
1.4
1.41
1.45
1.45
1.55
1.27
1.0
1.43
1.24
1.44
1.35
1.28
1.22
1.49
1.44
1.25
1.0
1.28
1.31
1.36
1.37
1.38
1.44
1.42
1.36
1.47
1.43
1.33
1.23
1.4
1.32
1.34
1.18
1.25
1.39
1.1
1.0
1.51
1.41
1.45
1.44
1.23
1.33
1.34
1.45
1.31
1.38
1.21
1.45
1.37
1.0
1.32
1.3
1.26
1.48
1.33
1.48
1.32
1.0
1.23
1.28
1.28
1.37
1.33
1.31
1.37
1.17
1.26
1.3
1.41
1.28
1.3
1.52
1.23
1.35
1.35
1.3
1.0
1.38
1.31
1.19
1.16
1.37
1.44
1.38
1.39
1.0
1.34
1.48
1.47
1.48
1.41
1.34
1.0
1.32
1.26
1.15
1.08
1.27
1.31
1.27
1.35
1.35
1.25
1.35
1.19
1.17
1.35
1.31
1.25
1.24
1.18
1.0
1.17
1.33
1.31
1.31
1.18
1.22
1.14
1.49
1.27
1.27
1.42
1.38
1.51
1.19
1.31
1.25
1.32
1.02
1.29
1.44
1.36
1.41
1.44
1.35
1.46
1.36
1.23
1.0
1.38
1.26
1.31
1.17
1.28
1.24
1.0
1.11
0.97
1.28
1.47
1.29
0.84
1.05
1.01
1.22
1.21
1.45
1.12
1.18
1.26
1.16
1.54
1.17
1.63
1.39
1.2
1.41
1.16
1.5
1.37
1.0
1.05
1.25
1.23
1.18
1.24
1.04
1.38
1.2
1.48
1.44
1.54
1.37
1.0
1.46
1.53
1.38
1.51
1.34
1.44
1.46
1.22
1.49
1.0
1.24
1.52
1.45
1.4
1.37
1.27
1.4
1.24
1.0
0.84
1.35
0.96
1.47
1.13
1.12
1.22
1.38
1.5
1.36
1.41
1.45
1.04
1.1
1.5
1.37
1.16
1.3
1.31
1.41
1.07
1.25
1.25
1.12
1.32
1.34
1.19
1.2
1.19
1.02
1.45
1.0
1.3
1.21
1.18
1.28
1.25
1.25
1.33
1.0
1.46
1.35
1.17
1.34
1.38
1.24
1.49
1.33
1.46
1.2
1.53
1.34
1.43
1.1
1.31
1.32
1.0
1.56
1.32
1.39
1.44
1.32
1.24
1.06
1.36
1.38
1.41
1.23
1.25
1.0
1.41
1.37
1.33
1.44
1.27
1.32
1.31
1.0
1.29
1.39
1.36
1.19
1.36
1.36
1.33
1.3
1.44
1.37
1.27
1.27
1.22
1.47
1.47
1.54
1.42
1.33
1.28
1.47
1.43
1.49
1.47
1.39
1.42
1.34
1.1
1.43
1.5
1.39
1.32
1.0
1.24
1.38
1.33
1.43
1.45
1.67
1.36
1.66
1.35
1.42
1.35
1.39
1.31
1.41
1.16
1.29
1.36
1.4
1.29
1.31
1.31
1.0
1.4
1.15
1.3
1.3
1.26
1.24
1.24
1.3
1.36
1.27
1.32
1.22
1.2
1.32
1.4
1.29
1.28
1.3
1.39
1.0
1.25
1.3
1.35
1.52
1.27
1.33
1.0
1.35
1.4
1.27
1.28
1.29
1.52
1.29
1.34
1.0
1.37
1.44
1.32
1.38
1.3
1.47
1.38
1.3
1.26
1.16
1.0
1.32
1.16
1.21
1.22
1.22
1.18
1.18
1.21
1.0
1.41
1.45
1.16
1.46
1.28
1.31
1.28
1.31
1.51
1.36
1.17
1.42
1.16
1.48
1.55
1.0
1.2
1.25
1.25
1.28
1.14
1.35
1.37
1.3
1.0
