MA0007	11	(4, 16) 0.109591031024	2.30408843785
MA0007	11	(5, 17) 0.122826319897	2.6678918754
MA0007	11	(6, 18) 0.108591481583	2.30408843785
MA0017	11	(2, 14) 0.188595251328	5.21451593828
MA0017	11	(3, 15) 0.257645422243	7.76114000116
MA0029	11	(2, 14) 0.171249729363	4.48690906317
MA0029	11	(3, 15) 0.121349559063	2.6678918754
MA0030	11	(1, 13) 0.14342528517	3.39549875051
MA0030	11	(3, 15) 0.141373414938	3.39549875051
MA0046	11	(1, 13) 0.155477436496	4.12310562562
MA0051	11	(1, 13) 0.210750416832	5.94212281339
MA0051	11	(3, 15) 0.177546792615	4.85071250073
MA0065	11	(2, 14) 0.212479070022	5.94212281339
MA0065	11	(5, 17) 0.106014415927	2.30408843785
MA0065	11	(6, 18) 0.106250458662	2.30408843785
MA0065	11	(7, 19) 0.125474906365	3.03169531295
MA0066	11	(2, 14) 0.107283074497	2.30408843785
MA0066	11	(5, 17) 0.143871232055	3.39549875051
MA0066	11	(7, 19) 0.187628487695	5.21451593828
MA0068	11	(10, 22) 0.1379438089	3.39549875051
MA0068	11	(11, 23) 0.134451997444	3.03169531295
MA0068	11	(12, 24) 0.151017486434	3.75930218806
MA0068	11	(13, 25) 0.121226431428	2.6678918754
MA0069	11	(1, 13) 0.236015731601	7.03353312605
MA0069	11	(2, 14) 0.25052239688	7.39733656361
MA0073	11	(1, 13) 0.122816710834	2.6678918754
MA0073	11	(7, 19) 0.152808494755	3.75930218806
MA0073	11	(8, 20) 0.15825670303	4.12310562562
MA0074	11	(1, 13) 0.308499687194	9.58015718894
MA0088	11	(1, 13) 0.128630556699	3.03169531295
MA0088	11	(2, 14) 0.154704577443	3.75930218806
MA0090	11	(1, 13) 0.158414404672	4.12310562562
MA0106	11	(1, 13) 0.126201924465	3.03169531295
MA0106	11	(2, 14) 0.128431913382	3.03169531295
MA0106	11	(4, 16) 0.184257387045	4.85071250073
MA0106	11	(6, 18) 0.1405207492	3.39549875051
pval 4.32986979604e-015