1.28
1.3
1.36
1.25
1.18
1.51
1.16
1.31
1.0
1.32
1.68
0.85
1.17
1.26
1.33
1.2
1.0
1.21
1.52
1.2
1.5
1.52
1.33
1.37
1.31
1.18
1.0
1.58
1.24
1.14
1.36
0.87
1.52
1.53
1.39
1.67
1.6
1.24
1.22
1.56
1.39
1.5
1.52
1.32
1.42
1.38
1.41
1.29
1.33
1.29
1.52
1.42
1.41
1.27
1.29
1.35
1.27
1.45
1.29
1.43
1.24
1.24
1.63
1.39
1.7
1.2
1.49
1.03
1.47
1.22
1.33
1.27
1.37
0.63
1.24
0.89
1.42
1.38
1.37
1.25
1.14
1.07
1.29
1.2
1.0
1.43
1.33
1.31
1.34
1.41
1.25
1.35
1.38
1.68
1.0
1.34
1.57
1.3
1.18
1.26
1.18
1.09
1.46
0.94
1.0
1.12
1.08
1.12
0.84
1.27
1.18
1.37
1.38
1.56
1.34
0.99
1.23
1.3
0.97
1.63
1.0
1.5
2.04
1.44
1.88
1.12
1.31
1.92
1.0
1.28
1.53
1.05
1.22
1.13
1.15
1.18
1.23
1.0
1.14
1.15
1.42
1.42
1.47
1.19
1.1
1.32
1.36
1.13
1.53
1.2
1.32
1.35
1.2
1.24
1.16
1.33
1.5
1.29
1.58
1.0
1.54
1.32
1.22
1.07
1.74
1.19
1.4
1.44
1.4
1.0
1.27
1.11
1.39
1.38
1.68
1.38
1.47
1.54
1.38
1.36
1.0
1.09
1.27
1.18
1.5
1.33
1.51
1.48
1.0
1.12
1.51
1.42
1.38
1.34
1.09
1.33
1.42
1.34
1.48
1.39
1.24
1.14
1.25
1.51
1.43
1.55
0.8
1.58
1.0
1.12
1.39
1.23
1.23
1.37
1.32
1.46
1.0
1.21
1.45
1.1
1.44
1.45
1.58
1.5
1.49
1.38
1.31
1.13
1.41
1.33
1.24
1.17
1.15
1.23
1.29
1.41
1.22
1.13
1.52
1.23
1.38
1.43
1.32
1.28
1.3
1.07
1.61
1.27
1.62
1.42
1.42
1.36
1.06
1.37
1.27
1.46
1.0
1.48
1.45
1.35
1.21
1.24
1.1
1.35
1.39
1.0
1.15
1.37
1.21
1.44
1.3
1.04
1.19
1.24
1.0
1.41
1.54
1.32
1.17
1.27
1.28
1.32
1.16
1.15
1.09
1.36
1.2
1.43
1.25
1.39
1.26
1.21
1.6
1.0
1.29
1.03
1.2
1.32
1.52
1.34
1.77
1.46
1.33
0.92
1.0
1.34
1.25
1.31
1.33
1.3
1.27
1.26
1.0
1.31
1.1
1.23
1.31
1.27
1.19
1.29
1.4
1.52
1.34
2.06
0.1
1.72
1.65
1.39
1.27
0.69
1.65
1.3
1.99
1.39
1.0
1.3
1.56
1.46
1.52
1.62
1.53
1.43
1.52
1.23
1.54
1.54
1.21
1.0
1.5
1.24
1.35
1.29
1.06
1.23
1.43
1.42
1.27
1.0
1.34
1.22
1.37
1.55
1.5
1.5
1.69
1.47
1.54
1.43
1.48
1.26
1.58
1.61
1.34
1.38
1.09
1.78
1.0
1.14
1.41
1.39
1.32
1.02
1.22
1.32
1.03
1.0
1.48
1.4
1.36
1.32
1.02
1.44
1.27
1.38
1.32
1.3
1.24
1.54
1.36
1.0
1.43
1.19
1.26
1.44
1.33
1.41
1.35
1.0
1.26
1.24
1.32
1.38
1.15
1.4
1.45
1.17
1.26
1.45
1.38
1.23
1.29
1.52
1.23
1.35
1.47
1.21
1.0
1.24
1.32
0.71
0.95
1.29
1.44
1.34
1.51
1.0
1.36
1.59
1.69
1.63
1.6
1.53
1.0
1.3
1.38
0.95
0.95
1.16
1.33
1.34
1.27
1.45
1.47
1.39
1.41
1.49
1.43
1.21
1.08
1.59
1.21
1.29
1.24
1.42
1.36
1.0
1.21
1.08
1.08
1.36
1.21
1.27
1.14
1.02
1.0
1.36
1.34
1.32
1.39
1.07
1.04
1.11
1.36
1.04
1.08
1.61
1.44
1.68
0.54
1.43
1.08
1.36
0.48
1.46
1.52
0.8
1.34
1.31
1.43
1.82
0.9
1.43
1.0
1.42
1.55
1.38
1.4
1.58
1.51
1.33
1.41
1.49
1.22
1.27
1.32
1.5
1.3
1.33
1.06
1.31
1.25
1.0
1.67
1.41
1.42
1.05
1.18
1.25
1.0
1.59
1.32
1.35
1.31
1.25
0.24
1.5
1.2
0.94
1.45
1.72
1.01
0.92
1.07
1.2
1.72
1.34
1.51
1.55
0.84
1.34
1.57
1.55
2.23
1.0
0.76
0.94
1.2
1.2
1.36
0.91
1.38
1.35
1.36
1.47
1.41
1.55
1.0
1.29
1.67
1.37
1.56
1.27
1.58
1.36
1.21
1.48
1.0
1.32
1.58
1.41
1.5
1.38
1.22
1.46
1.32
1.0
1.29
1.27
1.35
1.14
1.43
1.51
1.36
1.46
1.38
1.2
1.37
1.38
1.0
1.19
1.41
-0.06
1.78
1.2
0.87
0.85
1.2
1.58
1.28
1.55
1.66
1.31
1.27
1.58
0.69
1.07
1.27
1.5
1.61
1.26
1.38
1.3
1.09
1.32
1.41
1.12
1.32
1.07
1.08
1.33
1.0
1.34
1.11
0.84
1.05
1.24
1.2
1.08
1.0
1.46
1.34
1.19
1.27
1.33
1.13
1.55
1.33
1.39
1.04
1.62
1.4
1.32
1.03
1.45
1.28
1.0
1.42
1.45
1.25
1.21
1.46
1.36
1.07
1.44
1.4
1.39
1.33
1.21
1.0
1.29
1.44
1.23
1.17
1.21
1.18
1.24
1.22
1.22
1.4
1.0
1.4
1.49
1.31
1.67
1.34
1.47
1.25
1.0
1.42
1.41
1.47
1.17
1.37
1.21
1.27
1.0
1.24
1.46
1.36
1.01
1.22
1.42
1.56
1.4
1.42
1.36
1.18
1.54
1.41
1.5
1.37
1.3
1.37
1.2
0.81
1.46
1.35
1.51
1.4
1.0
1.29
1.32
1.38
1.41
1.45
1.62
1.43
1.68
1.52
1.43
1.41
1.41
1.35
1.4
1.22
1.25
1.62
1.44
1.49
1.25
1.39
1.0
1.44
1.25
1.26
1.24
1.32
1.36
1.25
1.17
1.25
1.47
1.47
1.15
1.32
1.37
1.61
1.33
1.36
1.25
1.46
1.0
1.28
1.45
1.45
1.44
0.89
1.49
1.0
1.33
1.46
1.14
1.15
1.27
1.55
1.22
1.26
1.0
1.41
1.39
1.22
1.38
1.24
1.68
1.43
1.38
1.22
1.15
1.0
1.41
1.22
1.29
0.99
1.32
1.09
1.2
1.33
1.0
1.04
1.45
1.04
1.25
1.21
1.13
1.39
1.28
1.46
1.28
1.38
1.4
1.25
1.36
1.0
1.23
1.0
1.49
1.55
1.26
1.59
1.34
1.4
1.27
1.3
1.55
1.36
1.08
1.22
1.06
1.31
1.52
1.0
1.51
1.45
1.35
1.36
1.07
1.52
1.39
1.19
1.0
