MA0009	4	(3, 8) 0.234732618283	3.79903209445
MA0009	4	(5, 10) 0.241032195119	4.01534708916
MA0017	4	(1, 6) 0.190052004612	2.93377211565
MA0017	4	(5, 10) 0.198139398057	3.15008711035
MA0018	4	(3, 8) 0.227886059443	3.79903209445
MA0024	4	(1, 6) 0.285861009995	5.09692206267
MA0025	4	(3, 8) 0.220658808852	3.58271709975
MA0025	4	(4, 9) 0.182855871616	2.71745712094
MA0027	4	(3, 8) 0.251666999595	4.23166208386
MA0029	4	(3, 8) 0.213831885148	3.36640210505
MA0029	4	(5, 10) 0.291670009691	5.09692206267
MA0029	4	(6, 11) 0.241194405291	4.01534708916
MA0029	4	(7, 12) 0.194696130718	2.93377211565
MA0030	4	(4, 9) 0.22000141798	3.58271709975
MA0030	4	(5, 10) 0.300615980516	5.31323705737
MA0031	4	(1, 6) 0.186229388192	2.93377211565
MA0031	4	(2, 7) 0.176203178884	2.71745712094
MA0032	4	(2, 7) 0.217341450585	3.58271709975
MA0032	4	(4, 9) 0.205003279666	3.36640210505
MA0033	4	(1, 6) 0.181824244577	2.71745712094
MA0033	4	(2, 7) 0.230277586192	3.79903209445
MA0033	4	(3, 8) 0.181820914087	2.71745712094
MA0039	4	(1, 6) 0.176445259411	2.71745712094
MA0039	4	(2, 7) 0.315847149912	5.74586704677
MA0039	4	(6, 11) 0.243323874784	4.01534708916
MA0040	4	(5, 10) 0.254652880458	4.23166208386
MA0040	4	(7, 12) 0.204653997898	3.15008711035
MA0041	4	(1, 6) 0.201589082193	3.15008711035
MA0041	4	(2, 7) 0.238417505139	4.01534708916
MA0042	4	(1, 6) 0.214220804075	3.36640210505
MA0043	4	(1, 6) 0.214933051023	3.36640210505
MA0046	4	(1, 6) 0.283279701455	4.88060706796
MA0046	4	(5, 10) 0.19049448266	2.93377211565
MA0046	4	(6, 11) 0.261869597145	4.44797707856
MA0046	4	(7, 12) 0.228172609388	3.79903209445
MA0047	4	(1, 6) 0.269834413469	4.66429207326
MA0047	4	(2, 7) 0.198317461167	3.15008711035
MA0047	4	(3, 8) 0.191903549695	2.93377211565
MA0048	4	(1, 6) 0.376813344169	7.04375701498
MA0048	4	(2, 7) 0.302488153132	5.31323705737
MA0048	4	(4, 9) 0.327027969821	5.96218204147
MA0048	4	(6, 11) 0.186340136089	2.93377211565
MA0048	4	(8, 13) 0.326285610818	5.96218204147
MA0050	4	(4, 9) 0.230904489996	3.79903209445
MA0051	4	(4, 9) 0.189168437795	2.93377211565
MA0051	4	(8, 13) 0.225663270301	3.79903209445
MA0051	4	(9, 14) 0.286295429708	5.09692206267
MA0051	4	(10, 15) 0.189132135931	2.93377211565
MA0052	4	(3, 8) 0.240091253052	4.01534708916
MA0055	4	(1, 6) 0.197411332682	3.15008711035
MA0055	4	(2, 7) 0.183484137091	2.71745712094
MA0055	4	(3, 8) 0.263086473747	4.44797707856
MA0055	4	(4, 9) 0.246355831028	4.23166208386
MA0055	4	(6, 11) 0.220771927007	3.58271709975
MA0057	4	(2, 7) 0.20566284518	3.36640210505
MA0057	4	(3, 8) 0.243013833909	4.01534708916
MA0058	4	(2, 7) 0.198234892335	3.15008711035
MA0058	4	(3, 8) 0.289861244564	5.09692206267
MA0059	4	(7, 12) 0.17683070602	2.71745712094
MA0061	4	(5, 10) 0.187578875624	2.93377211565
MA0062	4	(2, 7) 0.218155853266	3.58271709975
MA0066	4	(2, 7) 0.190117162107	2.93377211565
MA0066	4	(3, 8) 0.191565866254	2.93377211565
MA0066	4	(5, 10) 0.176679818167	2.71745712094
MA0066	4	(6, 11) 0.213596795305	3.36640210505
MA0066	4	(7, 12) 0.217998022159	3.58271709975
MA0066	4	(14, 19) 0.199490867843	3.15008711035
MA0068	4	(2, 7) 0.179030183358	2.71745712094
MA0068	4	(20, 25) 0.198175528551	3.15008711035
MA0069	4	(9, 14) 0.175633297075	2.71745712094
MA0070	4	(1, 6) 0.240842184565	4.01534708916
MA0070	4	(3, 8) 0.388175879949	7.26007200969
MA0071	4	(1, 6) 0.199239362557	3.15008711035
MA0071	4	(2, 7) 0.187705783503	2.93377211565
MA0071	4	(5, 10) 0.20240963185	3.15008711035
MA0072	4	(8, 13) 0.2365716065	4.01534708916
MA0073	4	(2, 7) 0.249538450165	4.23166208386
MA0073	4	(5, 10) 0.290923286951	5.09692206267
MA0073	4	(9, 14) 0.224995029954	3.58271709975
MA0074	4	(2, 7) 0.180952551098	2.71745712094
MA0074	4	(7, 12) 0.18182819374	2.71745712094
MA0074	4	(8, 13) 0.194127207205	2.93377211565
MA0076	4	(2, 7) 0.252802547969	4.23166208386
MA0077	4	(1, 6) 0.225441387058	3.79903209445
MA0078	4	(1, 6) 0.1871587825	2.93377211565
MA0079	4	(5, 10) 0.230283698484	3.79903209445
MA0080	4	(1, 6) 0.203541979547	3.15008711035
MA0083	4	(5, 10) 0.177622935206	2.71745712094
MA0087	4	(1, 6) 0.204611835107	3.15008711035
MA0088	4	(3, 8) 0.210250892811	3.36640210505
MA0088	4	(5, 10) 0.236219364989	4.01534708916
MA0088	4	(12, 17) 0.256053407928	4.44797707856
MA0090	4	(6, 11) 0.236992869956	4.01534708916
MA0090	4	(7, 12) 0.213396522323	3.36640210505
MA0090	4	(8, 13) 0.257830629291	4.44797707856
MA0092	4	(2, 7) 0.266097912372	4.66429207326
MA0093	4	(1, 6) 0.268149332479	4.66429207326
MA0101	4	(2, 7) 0.176319994409	2.71745712094
MA0101	4	(5, 10) 0.180054287722	2.71745712094
MA0105	4	(4, 9) 0.251514571461	4.23166208386
MA0106	4	(2, 7) 0.186317547366	2.93377211565
MA0106	4	(6, 11) 0.21202532665	3.36640210505
MA0106	4	(10, 15) 0.248209731304	4.23166208386
MA0106	4	(12, 17) 0.180376249234	2.71745712094
MA0107	4	(1, 6) 0.202215772984	3.15008711035
pval 0.0