MA0007	8	(4, 13) 0.193440247028	2.35985820189
MA0007	8	(13, 22) 0.237051179551	3.13783343328
MA0017	8	(6, 15) 0.205145395599	2.67104829445
MA0018	8	(1, 10) 0.294292746868	3.91580866467
MA0025	8	(2, 11) 0.183250941535	2.20426315561
MA0027	8	(2, 11) 0.224487850725	2.82664334072
MA0029	8	(1, 10) 0.212939524224	2.67104829445
MA0029	8	(3, 12) 0.182007085003	2.20426315561
MA0029	8	(5, 14) 0.224456926034	2.82664334072
MA0030	8	(4, 13) 0.22391067934	2.82664334072
MA0039	8	(2, 11) 0.214224442656	2.67104829445
MA0042	8	(2, 11) 0.209280695406	2.67104829445
MA0046	8	(2, 11) 0.290657230703	3.91580866467
MA0047	8	(1, 10) 0.23473243451	2.982238387
MA0048	8	(3, 12) 0.253619568406	3.29342847956
MA0051	8	(1, 10) 0.190355571706	2.35985820189
MA0051	8	(3, 12) 0.231710789351	2.982238387
MA0051	8	(5, 14) 0.184584713016	2.20426315561
MA0051	8	(6, 15) 0.191820624333	2.35985820189
MA0055	8	(2, 11) 0.179530002265	2.20426315561
MA0062	8	(1, 10) 0.204110798604	2.51545324817
MA0066	8	(3, 12) 0.214305878096	2.67104829445
MA0066	8	(10, 19) 0.17988896097	2.20426315561
MA0070	8	(1, 10) 0.263731545898	3.44902352584
MA0073	8	(9, 18) 0.236002015782	3.13783343328
MA0073	8	(10, 19) 0.181367659125	2.20426315561
MA0073	8	(11, 20) 0.178030374218	2.20426315561
MA0079	8	(1, 10) 0.239752565676	3.13783343328
MA0088	8	(2, 11) 0.242176763172	3.13783343328
MA0088	8	(9, 18) 0.187674706443	2.35985820189
MA0090	8	(4, 13) 0.281007756499	3.76021361839
MA0091	8	(2, 11) 0.239359773254	3.13783343328
MA0106	8	(1, 10) 0.201061876417	2.51545324817
MA0107	8	(2, 11) 0.219071542327	2.82664334072
pval 0.0