MA0007	9	(5, 15) 0.159228911725	1.76417337365
MA0009	9	(1, 11) 0.190507350121	2.25339792265
MA0009	9	(2, 12) 0.204475603227	2.41647277232
MA0014	9	(2, 12) 0.177702496232	2.09032307298
MA0014	9	(5, 15) 0.146326244143	1.60109852399
MA0019	9	(1, 11) 0.173302457562	1.92724822332
MA0025	9	(1, 11) 0.243890466986	3.06877217098
MA0029	9	(4, 14) 0.178148125349	2.09032307298
MA0030	9	(2, 12) 0.159663788243	1.76417337365
MA0030	9	(4, 14) 0.156757502007	1.76417337365
MA0030	9	(5, 15) 0.155518632421	1.76417337365
MA0046	9	(2, 12) 0.174130753504	1.92724822332
MA0046	9	(4, 14) 0.158938849724	1.76417337365
MA0048	9	(2, 12) 0.222503675825	2.74262247165
MA0059	9	(1, 11) 0.332076151812	4.53644581797
MA0062	9	(1, 11) 0.159845345481	1.76417337365
MA0065	9	(7, 17) 0.165088121705	1.92724822332
MA0066	9	(2, 12) 0.204566440458	2.41647277232
MA0068	9	(5, 15) 0.185652719574	2.25339792265
MA0068	9	(6, 16) 0.182263976088	2.09032307298
MA0069	9	(1, 11) 0.287052301777	3.8841464193
MA0069	9	(2, 12) 0.173457889359	1.92724822332
MA0070	9	(1, 11) 0.183570628131	2.09032307298
MA0072	9	(2, 12) 0.155948025148	1.76417337365
MA0072	9	(4, 14) 0.145311084349	1.60109852399
MA0073	9	(5, 15) 0.171884563169	1.92724822332
MA0073	9	(8, 18) 0.18666369692	2.25339792265
MA0074	9	(1, 11) 0.157846741403	1.76417337365
MA0083	9	(1, 11) 0.213956109161	2.57954762198
MA0088	9	(1, 11) 0.315773338986	4.3733709683
MA0088	9	(5, 15) 0.166380059867	1.92724822332
MA0090	9	(3, 13) 0.159295900811	1.76417337365
MA0091	9	(1, 11) 0.145670883896	1.60109852399
MA0106	9	(1, 11) 0.154146129088	1.60109852399
MA0106	9	(5, 15) 0.146727821287	1.60109852399
MA0106	9	(6, 16) 0.159809383235	1.76417337365
pval 0.0