MA0007	10	(3, 14) 0.152602504598	2.00049032828
MA0007	10	(8, 19) 0.21028812276	3.18890042429
MA0007	10	(12, 23) 0.131863224405	1.60435362961
MA0014	10	(3, 14) 0.143828337466	1.80242197895
MA0014	10	(6, 17) 0.168513561062	2.39662702695
MA0017	10	(3, 14) 0.20782093951	3.18890042429
MA0025	10	(1, 12) 0.157787396954	2.19855867762
MA0030	10	(1, 12) 0.195384202331	2.99083207496
MA0030	10	(2, 13) 0.137160401603	1.80242197895
MA0030	10	(3, 14) 0.1378718777	1.80242197895
MA0046	10	(1, 12) 0.142085099521	1.80242197895
MA0048	10	(1, 12) 0.146118763508	2.00049032828
MA0048	10	(2, 13) 0.129516884246	1.60435362961
MA0051	10	(1, 12) 0.14727648435	2.00049032828
MA0065	10	(4, 15) 0.146898367258	2.00049032828
MA0065	10	(5, 16) 0.262414486013	4.17924217097
MA0066	10	(1, 12) 0.146046556833	2.00049032828
MA0066	10	(2, 13) 0.218202335012	3.38696877363
MA0066	10	(6, 17) 0.133319473115	1.60435362961
MA0066	10	(8, 19) 0.208576349966	3.18890042429
MA0068	10	(5, 16) 0.175104183163	2.59469537629
MA0069	10	(3, 14) 0.222440266947	3.38696877363
MA0072	10	(2, 13) 0.142262395061	1.80242197895
MA0073	10	(2, 13) 0.188026960814	2.79276372562
MA0074	10	(3, 14) 0.158994277796	2.19855867762
MA0083	10	(1, 12) 0.190211184073	2.79276372562
MA0088	10	(2, 13) 0.146136234959	2.00049032828
MA0088	10	(3, 14) 0.132718243867	1.60435362961
MA0088	10	(4, 15) 0.150854852178	2.00049032828
MA0090	10	(1, 12) 0.240460667662	3.7831054723
MA0090	10	(2, 13) 0.12603515866	1.60435362961
MA0091	10	(1, 12) 0.140619241905	1.80242197895
MA0106	10	(3, 14) 0.178315362771	2.59469537629
MA0106	10	(4, 15) 0.195565113971	2.99083207496
MA0106	10	(6, 17) 0.165170940276	2.39662702695
MA0106	10	(7, 18) 0.280189066691	4.57537886964
pval 0.0