MA0003	6	(2, 9) 0.21351887497	3.77239131427
MA0007	6	(3, 10) 0.140435319369	2.15800551165
MA0007	6	(12, 19) 0.136561187906	2.15800551165
MA0007	6	(13, 20) 0.173686676006	2.84988514135
MA0007	6	(14, 21) 0.166691488667	2.84988514135
MA0009	6	(2, 9) 0.178325907058	3.08051168458
MA0009	6	(3, 10) 0.135846600083	2.15800551165
MA0009	6	(4, 11) 0.156847213443	2.61925859811
MA0009	6	(5, 12) 0.149528442337	2.38863205488
MA0014	6	(4, 11) 0.159151992859	2.61925859811
MA0014	6	(5, 12) 0.224071139156	4.0030178575
MA0014	6	(10, 17) 0.149298815494	2.38863205488
MA0017	6	(3, 10) 0.199515005316	3.54176477104
MA0017	6	(7, 14) 0.187903142639	3.31113822781
MA0017	6	(8, 15) 0.202802503832	3.54176477104
MA0018	6	(3, 10) 0.161803807897	2.61925859811
MA0019	6	(1, 8) 0.139333735833	2.15800551165
MA0025	6	(1, 8) 0.220928937153	4.0030178575
MA0025	6	(2, 9) 0.206036739876	3.77239131427
MA0025	6	(4, 11) 0.241202872866	4.46427094396
MA0027	6	(1, 8) 0.138444842636	2.15800551165
MA0027	6	(3, 10) 0.143791005501	2.15800551165
MA0027	6	(4, 11) 0.136082491409	2.15800551165
MA0028	6	(2, 9) 0.158236471771	2.61925859811
MA0029	6	(3, 10) 0.262183856073	4.92552403042
MA0029	6	(8, 15) 0.142445241062	2.15800551165
MA0030	6	(1, 8) 0.168339747666	2.84988514135
MA0030	6	(3, 10) 0.19792639355	3.54176477104
MA0030	6	(5, 12) 0.15815432431	2.61925859811
MA0030	6	(7, 14) 0.202699660032	3.54176477104
MA0030	6	(8, 15) 0.186868959049	3.31113822781
MA0032	6	(1, 8) 0.19307533717	3.31113822781
MA0038	6	(1, 8) 0.141675904352	2.15800551165
MA0039	6	(1, 8) 0.154508199567	2.38863205488
MA0039	6	(2, 9) 0.166873669602	2.84988514135
MA0039	6	(3, 10) 0.225660241779	4.23364440073
MA0040	6	(2, 9) 0.156213498872	2.61925859811
MA0040	6	(5, 12) 0.271043035005	5.15615057365
MA0042	6	(1, 8) 0.161454928507	2.61925859811
MA0042	6	(4, 11) 0.135163813516	2.15800551165
MA0042	6	(5, 12) 0.214210198501	3.77239131427
MA0046	6	(1, 8) 0.18468853692	3.08051168458
MA0046	6	(2, 9) 0.270099566671	5.15615057365
MA0046	6	(3, 10) 0.256855233483	4.92552403042
MA0046	6	(4, 11) 0.201297968508	3.54176477104
MA0046	6	(5, 12) 0.266732511937	5.15615057365
MA0046	6	(6, 13) 0.148974259148	2.38863205488
MA0047	6	(1, 8) 0.259597091823	4.92552403042
MA0048	6	(1, 8) 0.157862936558	2.61925859811
MA0048	6	(2, 9) 0.239798769363	4.46427094396
MA0048	6	(3, 10) 0.145276195371	2.38863205488
MA0048	6	(4, 11) 0.160998027596	2.61925859811
MA0048	6	(5, 12) 0.144639909789	2.15800551165
MA0050	6	(1, 8) 0.159285167	2.61925859811
MA0051	6	(6, 13) 0.290565697841	5.61740366011
MA0051	6	(7, 14) 0.146982546002	2.38863205488
MA0051	6	(8, 15) 0.177743005681	3.08051168458
MA0055	6	(1, 8) 0.14180894346	2.15800551165
MA0055	6	(3, 10) 0.137438458762	2.15800551165
MA0055	6	(4, 11) 0.154162193998	2.38863205488
MA0058	6	(1, 8) 0.252849767802	4.69489748719
MA0059	6	(4, 11) 0.152445494998	2.38863205488
MA0062	6	(2, 9) 0.158508040997	2.61925859811
MA0062	6	(3, 10) 0.157987834865	2.61925859811
MA0062	6	(4, 11) 0.138220400126	2.15800551165
MA0065	6	(2, 9) 0.175145931222	3.08051168458
MA0065	6	(8, 15) 0.178110142983	3.08051168458
MA0065	6	(9, 16) 0.141178440525	2.15800551165
MA0066	6	(2, 9) 0.157680995874	2.61925859811
MA0066	6	(3, 10) 0.168066190774	2.84988514135
MA0066	6	(4, 11) 0.161043225397	2.61925859811
MA0066	6	(5, 12) 0.141882672587	2.15800551165
MA0066	6	(6, 13) 0.223933005606	4.0030178575
MA0068	6	(4, 11) 0.247356994865	4.69489748719
MA0068	6	(5, 12) 0.160836987468	2.61925859811
MA0068	6	(16, 23) 0.17026351803	2.84988514135
MA0069	6	(1, 8) 0.215453652467	4.0030178575
MA0069	6	(4, 11) 0.257924779877	4.92552403042
MA0069	6	(5, 12) 0.147546429236	2.38863205488
MA0069	6	(7, 14) 0.305720544519	6.07865674657
MA0070	6	(1, 8) 0.192378250455	3.31113822781
MA0070	6	(4, 11) 0.266416503192	5.15615057365
MA0072	6	(2, 9) 0.146848468	2.38863205488
MA0073	6	(1, 8) 0.175646589595	3.08051168458
MA0073	6	(7, 14) 0.144346870982	2.15800551165
MA0073	6	(11, 18) 0.18688849996	3.31113822781
MA0073	6	(14, 21) 0.16716679755	2.84988514135
MA0074	6	(1, 8) 0.222062187295	4.0030178575
MA0074	6	(2, 9) 0.16996175039	2.84988514135
MA0074	6	(7, 14) 0.141923229693	2.15800551165
MA0076	6	(1, 8) 0.158212812766	2.61925859811
MA0077	6	(1, 8) 0.139875712892	2.15800551165
MA0079	6	(1, 8) 0.255647417294	4.92552403042
MA0079	6	(3, 10) 0.199516159374	3.54176477104
MA0083	6	(1, 8) 0.18214860497	3.08051168458
MA0083	6	(3, 10) 0.297777302691	5.84803020334
MA0083	6	(4, 11) 0.149148850578	2.38863205488
MA0084	6	(1, 8) 0.147650956183	2.38863205488
MA0084	6	(2, 9) 0.255942271857	4.92552403042
MA0088	6	(3, 10) 0.187274162401	3.31113822781
MA0088	6	(7, 14) 0.211660179205	3.77239131427
MA0088	6	(8, 15) 0.150282491215	2.38863205488
MA0088	6	(10, 17) 0.172917953415	2.84988514135
MA0090	6	(1, 8) 0.167114038499	2.84988514135
MA0090	6	(3, 10) 0.355669291394	7.23178946272
MA0090	6	(4, 11) 0.274182074483	5.15615057365
MA0090	6	(6, 13) 0.170956663663	2.84988514135
MA0091	6	(3, 10) 0.182270276058	3.08051168458
MA0091	6	(5, 12) 0.188534872734	3.31113822781
MA0092	6	(1, 8) 0.227885680233	4.23364440073
MA0092	6	(2, 9) 0.367295809204	7.46241600595
MA0101	6	(2, 9) 0.169552633935	2.84988514135
MA0102	6	(3, 10) 0.214522319494	3.77239131427
MA0106	6	(4, 11) 0.228126697476	4.23364440073
MA0106	6	(8, 15) 0.179723736967	3.08051168458
MA0106	6	(9, 16) 0.171422464884	2.84988514135
pval 0.0