MA0003	1	(1, 3) 0.307037726291	2.72366801844
MA0004	1	(4, 6) 0.330488465739	3.09915882989
MA0009	1	(10, 12) 0.380129644912	4.03788585851
MA0017	1	(11, 13) 0.300634138496	2.53592261272
MA0018	1	(6, 8) 0.348008682357	3.47464964134
MA0024	1	(5, 7) 0.310798878726	2.72366801844
MA0028	1	(2, 4) 0.310838894789	2.72366801844
MA0030	1	(9, 11) 0.306787412754	2.72366801844
MA0038	1	(4, 6) 0.296633960116	2.53592261272
MA0042	1	(5, 7) 0.288409296333	2.348177207
MA0046	1	(6, 8) 0.332824541938	3.09915882989
MA0046	1	(9, 11) 0.350380681308	3.47464964134
MA0047	1	(7, 9) 0.296878572982	2.53592261272
MA0051	1	(1, 3) 0.303475037839	2.53592261272
MA0051	1	(10, 12) 0.320910856229	2.91141342417
MA0056	1	(4, 6) 0.311743848735	2.72366801844
MA0058	1	(3, 5) 0.330279612552	3.09915882989
MA0058	1	(5, 7) 0.330393203191	3.09915882989
MA0062	1	(8, 10) 0.315300702694	2.91141342417
MA0067	1	(1, 3) 0.288302517389	2.348177207
MA0069	1	(11, 13) 0.374992777455	3.85014045278
MA0070	1	(1, 3) 0.299678509742	2.53592261272
MA0070	1	(2, 4) 0.326003992659	3.09915882989
MA0071	1	(4, 6) 0.286211187713	2.348177207
MA0077	1	(7, 9) 0.327576531855	3.09915882989
MA0079	1	(5, 7) 0.359798668536	3.66239504706
MA0084	1	(4, 6) 0.339069588302	3.28690423561
MA0088	1	(1, 3) 0.337387109267	3.28690423561
MA0090	1	(4, 6) 0.295443828911	2.53592261272
MA0090	1	(6, 8) 0.396077159726	4.41337666996
MA0090	1	(8, 10) 0.436587274624	5.16435829285
MA0091	1	(7, 9) 0.297701119471	2.53592261272
MA0092	1	(1, 3) 0.297788526603	2.53592261272
MA0092	1	(3, 5) 0.289342114397	2.348177207
MA0093	1	(3, 5) 0.314448121228	2.72366801844
MA0100	1	(4, 6) 0.415826977376	4.7888674814
MA0101	1	(6, 8) 0.32005223026	2.91141342417
MA0102	1	(6, 8) 0.362243068144	3.66239504706
MA0103	1	(2, 4) 0.316668351738	2.91141342417
MA0106	1	(14, 16) 0.327352497404	3.09915882989
pval 0.0