MA0007	12	(1, 14) 0.135353569462	2.99053838599
MA0007	12	(6, 19) 0.131404803877	2.7360244808
MA0007	12	(9, 22) 0.127595728923	2.7360244808
MA0014	12	(3, 16) 0.145281660559	3.24505229118
MA0017	12	(2, 15) 0.161957462182	3.49956619637
MA0029	12	(1, 14) 0.147329855067	3.24505229118
MA0030	12	(1, 14) 0.13660427621	2.99053838599
MA0051	12	(1, 14) 0.130568086913	2.7360244808
MA0051	12	(2, 15) 0.147411612843	3.24505229118
MA0065	12	(2, 15) 0.134868574416	2.7360244808
MA0065	12	(3, 16) 0.191826755465	4.26310791194
MA0065	12	(4, 17) 0.176833008413	4.00859400675
MA0066	12	(1, 14) 0.194670058499	4.26310791194
MA0066	12	(6, 19) 0.141469414015	2.99053838599
MA0068	12	(1, 14) 0.2276207402	5.2811635327
MA0068	12	(6, 19) 0.118875236323	2.48151057561
MA0068	12	(9, 22) 0.0963751591408	1.97248276522
MA0068	12	(10, 23) 0.158919771466	3.49956619637
MA0068	12	(11, 24) 0.100307981121	1.97248276522
MA0073	12	(1, 14) 0.121939570494	2.48151057561
MA0073	12	(4, 17) 0.136466330036	2.99053838599
MA0073	12	(7, 20) 0.115031003813	2.48151057561
MA0073	12	(8, 21) 0.154827220085	3.24505229118
MA0088	12	(1, 14) 0.21585895495	5.02664962751
MA0088	12	(4, 17) 0.131570471429	2.7360244808
MA0106	12	(1, 14) 0.131780748121	2.7360244808
MA0106	12	(2, 15) 0.156897475415	3.49956619637
MA0106	12	(4, 17) 0.155249327164	3.49956619637
pval 2.35739316956e-010