MA0007	7	(1, 9) 0.090802194692	2.27962993034
MA0007	7	(4, 12) 0.124743283601	3.1776659635
MA0007	7	(6, 14) 0.121918634291	3.1776659635
MA0007	7	(8, 16) 0.102373457953	2.57897527473
MA0007	7	(12, 20) 0.14968884441	4.07570199667
MA0007	7	(13, 21) 0.111202922211	2.87832061912
MA0009	7	(2, 10) 0.21499739212	5.871774063
MA0009	7	(3, 11) 0.182902156487	4.97373802983
MA0009	7	(4, 12) 0.239148958324	6.76981009616
MA0014	7	(2, 10) 0.156711252389	4.37504734106
MA0014	7	(4, 12) 0.242968437247	6.76981009616
MA0014	7	(7, 15) 0.19995398042	5.57242871861
MA0014	7	(8, 16) 0.189316216131	5.27308337422
MA0017	7	(1, 9) 0.176286870702	4.97373802983
MA0017	7	(3, 11) 0.213425942109	5.871774063
MA0017	7	(7, 15) 0.144259445196	3.77635665228
MA0018	7	(1, 9) 0.0928393785402	2.27962993034
MA0018	7	(2, 10) 0.169696126645	4.67439268544
MA0019	7	(3, 11) 0.129259629853	3.47701130789
MA0025	7	(1, 9) 0.153855946706	4.07570199667
MA0025	7	(2, 10) 0.11226854257	2.87832061912
MA0027	7	(1, 9) 0.0857600877829	2.27962993034
MA0027	7	(3, 11) 0.144732724491	3.77635665228
MA0028	7	(1, 9) 0.167072773931	4.67439268544
MA0029	7	(1, 9) 0.126506627476	3.47701130789
MA0029	7	(3, 11) 0.1996226059	5.57242871861
MA0029	7	(4, 12) 0.251650775055	7.06915544055
MA0029	7	(5, 13) 0.166915343092	4.67439268544
MA0029	7	(6, 14) 0.143980843142	3.77635665228
MA0029	7	(7, 15) 0.148822353945	4.07570199667
MA0030	7	(1, 9) 0.141951972584	3.77635665228
MA0030	7	(3, 11) 0.218749619324	6.17111940738
MA0030	7	(5, 13) 0.124386376657	3.1776659635
MA0030	7	(7, 15) 0.121956869467	3.1776659635
MA0032	7	(1, 9) 0.127505510189	3.47701130789
MA0038	7	(1, 9) 0.159962825532	4.37504734106
MA0040	7	(1, 9) 0.109734734643	2.87832061912
MA0040	7	(3, 11) 0.17063845858	4.67439268544
MA0041	7	(1, 9) 0.197777289113	5.57242871861
MA0041	7	(2, 10) 0.22560601913	6.47046475177
MA0042	7	(1, 9) 0.161661828544	4.37504734106
MA0042	7	(2, 10) 0.187337351131	5.27308337422
MA0042	7	(4, 12) 0.140255519662	3.77635665228
MA0043	7	(1, 9) 0.146419829996	4.07570199667
MA0046	7	(1, 9) 0.106722907472	2.87832061912
MA0046	7	(2, 10) 0.101711145189	2.57897527473
MA0046	7	(3, 11) 0.206245758451	5.871774063
MA0046	7	(4, 12) 0.13685499775	3.77635665228
MA0047	7	(1, 9) 0.116291403158	3.1776659635
MA0047	7	(2, 10) 0.246884236179	7.06915544055
MA0048	7	(1, 9) 0.155358206582	4.37504734106
MA0048	7	(3, 11) 0.143231267458	3.77635665228
MA0048	7	(4, 12) 0.308208122178	8.86522750688
MA0048	7	(5, 13) 0.349651766806	10.0626088844
MA0050	7	(1, 9) 0.106215427176	2.87832061912
MA0051	7	(1, 9) 0.160103010375	4.37504734106
MA0051	7	(2, 10) 0.265968403142	7.66784612932
MA0051	7	(5, 13) 0.232783590904	6.47046475177
MA0051	7	(6, 14) 0.268956777036	7.66784612932
MA0051	7	(7, 15) 0.174796781817	4.67439268544
MA0055	7	(4, 12) 0.1201035652	3.1776659635
MA0057	7	(2, 10) 0.152022098911	4.07570199667
MA0059	7	(1, 9) 0.197268197351	5.57242871861
MA0059	7	(2, 10) 0.188478576683	5.27308337422
MA0061	7	(1, 9) 0.149793865099	4.07570199667
MA0062	7	(1, 9) 0.124458536224	3.1776659635
MA0062	7	(2, 10) 0.184490644186	4.97373802983
MA0065	7	(2, 10) 0.13727511049	3.77635665228
MA0065	7	(3, 11) 0.181133715825	4.97373802983
MA0065	7	(4, 12) 0.140312954693	3.77635665228
MA0065	7	(7, 15) 0.090783599452	2.27962993034
MA0065	7	(8, 16) 0.133628709204	3.47701130789
MA0066	7	(1, 9) 0.119287915525	3.1776659635
MA0066	7	(2, 10) 0.165009844809	4.67439268544
MA0066	7	(3, 11) 0.165154143858	4.67439268544
MA0066	7	(5, 13) 0.154600168541	4.07570199667
MA0066	7	(7, 15) 0.118590334431	3.1776659635
MA0066	7	(8, 16) 0.113821282673	2.87832061912
MA0066	7	(9, 17) 0.125955143787	3.47701130789
MA0066	7	(10, 18) 0.104694785798	2.57897527473
MA0066	7	(12, 20) 0.215124282324	6.17111940738
MA0068	7	(2, 10) 0.10549908546	2.87832061912
MA0068	7	(3, 11) 0.0890727416623	2.27962993034
MA0068	7	(4, 12) 0.115395771572	3.1776659635
MA0068	7	(8, 16) 0.126507177239	3.47701130789
MA0068	7	(11, 19) 0.232543540703	6.47046475177
MA0068	7	(13, 21) 0.0924906376657	2.27962993034
MA0068	7	(16, 24) 0.178735695947	4.97373802983
MA0068	7	(17, 25) 0.19831845155	5.57242871861
MA0069	7	(4, 12) 0.13320545572	3.47701130789
MA0069	7	(5, 13) 0.288864872339	8.2665368181
MA0070	7	(1, 9) 0.153321003409	4.07570199667
MA0070	7	(2, 10) 0.155931217685	4.37504734106
MA0071	7	(2, 10) 0.252491393791	7.06915544055
MA0072	7	(2, 10) 0.247077920617	7.06915544055
MA0072	7	(5, 13) 0.123393593216	3.1776659635
MA0073	7	(2, 10) 0.189419730969	5.27308337422
MA0073	7	(5, 13) 0.152082211721	4.07570199667
MA0073	7	(8, 16) 0.1209166158	3.1776659635
MA0073	7	(9, 17) 0.0907249108484	2.27962993034
MA0073	7	(10, 18) 0.0951854788086	2.57897527473
MA0073	7	(11, 19) 0.172847459836	4.67439268544
MA0074	7	(1, 9) 0.180132362149	4.97373802983
MA0074	7	(4, 12) 0.118117194765	3.1776659635
MA0076	7	(1, 9) 0.27901443121	7.96719147371
MA0077	7	(1, 9) 0.181011060558	4.97373802983
MA0079	7	(1, 9) 0.174945159703	4.67439268544
MA0079	7	(2, 10) 0.135213866488	3.77635665228
MA0083	7	(1, 9) 0.101776688322	2.57897527473
MA0083	7	(3, 11) 0.187593227336	5.27308337422
MA0088	7	(2, 10) 0.156160982557	4.37504734106
MA0088	7	(3, 11) 0.125481777783	3.47701130789
MA0088	7	(4, 12) 0.0936131265914	2.27962993034
MA0088	7	(5, 13) 0.151612538932	4.07570199667
MA0088	7	(9, 17) 0.0870238671032	2.27962993034
MA0088	7	(10, 18) 0.124147931464	3.1776659635
MA0090	7	(1, 9) 0.184918576927	4.97373802983
MA0090	7	(2, 10) 0.259895977498	7.36850078494
MA0090	7	(3, 11) 0.249278175326	7.06915544055
MA0090	7	(4, 12) 0.10115011575	2.57897527473
MA0090	7	(5, 13) 0.13716555304	3.77635665228
MA0091	7	(1, 9) 0.12859009601	3.47701130789
MA0091	7	(2, 10) 0.173119973886	4.67439268544
MA0091	7	(4, 12) 0.190085545509	5.27308337422
MA0092	7	(2, 10) 0.0876941934656	2.27962993034
MA0092	7	(3, 11) 0.147522229398	4.07570199667
MA0101	7	(1, 9) 0.109481149092	2.87832061912
MA0101	7	(2, 10) 0.148200362575	4.07570199667
MA0102	7	(3, 11) 0.0943605541982	2.27962993034
MA0105	7	(1, 9) 0.198457211954	5.57242871861
MA0105	7	(2, 10) 0.126587148668	3.47701130789
MA0106	7	(2, 10) 0.137020892365	3.77635665228
MA0106	7	(3, 11) 0.246061068731	7.06915544055
MA0106	7	(4, 12) 0.189134712712	5.27308337422
MA0106	7	(5, 13) 0.135165248311	3.77635665228
MA0106	7	(6, 14) 0.146718712965	4.07570199667
MA0106	7	(9, 17) 0.176664616562	4.97373802983
MA0107	7	(1, 9) 0.155464145134	4.37504734106
MA0107	7	(3, 11) 0.0912930903079	2.27962993034
pval 0.0