MA0002	3	(3, 7) 0.201796771838	3.4304201531
MA0003	3	(1, 5) 0.189841156489	3.17123285264
MA0003	3	(2, 6) 0.170901397723	2.65285825173
MA0003	3	(3, 7) 0.18539889289	3.17123285264
MA0003	3	(4, 8) 0.177787295699	2.91204555219
MA0004	3	(2, 6) 0.270841678091	5.24473125629
MA0004	3	(3, 7) 0.251836940941	4.72635665538
MA0007	3	(2, 6) 0.208367160389	3.68960745355
MA0007	3	(3, 7) 0.158981432642	2.39367095127
MA0007	3	(5, 9) 0.188330796532	3.17123285264
MA0007	3	(15, 19) 0.180450691322	2.91204555219
MA0007	3	(16, 20) 0.157890416293	2.39367095127
MA0009	3	(2, 6) 0.238831598124	4.46716935492
MA0009	3	(5, 9) 0.226671090125	4.20798205447
MA0009	3	(6, 10) 0.203798564974	3.4304201531
MA0014	3	(5, 9) 0.194027122401	3.17123285264
MA0014	3	(10, 14) 0.168798858495	2.65285825173
MA0014	3	(12, 16) 0.211345021011	3.68960745355
MA0017	3	(2, 6) 0.178295141097	2.91204555219
MA0017	3	(3, 7) 0.24049588811	4.46716935492
MA0017	3	(6, 10) 0.18140813004	2.91204555219
MA0018	3	(2, 6) 0.21075783483	3.68960745355
MA0018	3	(3, 7) 0.244693850274	4.46716935492
MA0018	3	(5, 9) 0.226528700152	4.20798205447
MA0018	3	(6, 10) 0.167339870648	2.65285825173
MA0019	3	(7, 11) 0.180514308749	2.91204555219
MA0025	3	(1, 5) 0.185750654283	3.17123285264
MA0025	3	(3, 7) 0.226361430764	4.20798205447
MA0025	3	(4, 8) 0.273619848326	5.24473125629
MA0025	3	(5, 9) 0.25801544302	4.98554395584
MA0025	3	(6, 10) 0.167334189694	2.65285825173
MA0027	3	(1, 5) 0.210480513176	3.68960745355
MA0027	3	(3, 7) 0.196952431561	3.4304201531
MA0027	3	(5, 9) 0.199882279395	3.4304201531
MA0027	3	(7, 11) 0.207339770575	3.68960745355
MA0028	3	(1, 5) 0.29998090672	6.02229315766
MA0029	3	(2, 6) 0.176158617521	2.91204555219
MA0029	3	(4, 8) 0.240410496855	4.46716935492
MA0029	3	(5, 9) 0.22554684313	4.20798205447
MA0029	3	(6, 10) 0.181063520037	2.91204555219
MA0029	3	(8, 12) 0.197821978277	3.4304201531
MA0030	3	(3, 7) 0.236256081203	4.46716935492
MA0030	3	(5, 9) 0.211470245644	3.68960745355
MA0030	3	(6, 10) 0.160209052627	2.39367095127
MA0030	3	(7, 11) 0.178558927585	2.91204555219
MA0030	3	(10, 14) 0.189037896868	3.17123285264
MA0031	3	(3, 7) 0.284202295126	5.50391855675
MA0032	3	(3, 7) 0.185023074951	3.17123285264
MA0032	3	(5, 9) 0.166104993479	2.65285825173
MA0033	3	(2, 6) 0.175369930028	2.91204555219
MA0038	3	(2, 6) 0.164505452725	2.39367095127
MA0038	3	(3, 7) 0.223978537272	3.94879475401
MA0039	3	(1, 5) 0.271916439589	5.24473125629
MA0039	3	(6, 10) 0.239256189916	4.46716935492
MA0039	3	(7, 11) 0.218637676667	3.94879475401
MA0040	3	(4, 8) 0.204906373407	3.4304201531
MA0040	3	(6, 10) 0.170394962165	2.65285825173
MA0040	3	(7, 11) 0.211033275357	3.68960745355
MA0041	3	(2, 6) 0.205479914408	3.68960745355
MA0041	3	(3, 7) 0.245421027231	4.72635665538
MA0042	3	(3, 7) 0.237575784157	4.46716935492
MA0042	3	(4, 8) 0.37039612335	7.83660426085
MA0042	3	(5, 9) 0.168608525043	2.65285825173
MA0043	3	(4, 8) 0.197260561748	3.4304201531
MA0046	3	(2, 6) 0.222495802331	3.94879475401
MA0046	3	(3, 7) 0.205183205956	3.68960745355
MA0046	3	(6, 10) 0.170185894016	2.65285825173
MA0046	3	(7, 11) 0.274006724897	5.24473125629
MA0047	3	(2, 6) 0.197616220708	3.4304201531
MA0047	3	(4, 8) 0.294903342433	5.7631058572
MA0047	3	(6, 10) 0.21798870155	3.94879475401
MA0047	3	(7, 11) 0.167977397055	2.65285825173
MA0048	3	(2, 6) 0.198914458828	3.4304201531
MA0048	3	(3, 7) 0.241650309557	4.46716935492
MA0048	3	(4, 8) 0.216957508368	3.94879475401
MA0048	3	(6, 10) 0.212091094332	3.68960745355
MA0050	3	(1, 5) 0.201670333607	3.4304201531
MA0050	3	(4, 8) 0.195420803416	3.4304201531
MA0050	3	(5, 9) 0.171745560805	2.65285825173
MA0051	3	(6, 10) 0.297987406691	6.02229315766
MA0051	3	(8, 12) 0.182976617601	2.91204555219
MA0051	3	(10, 14) 0.28628298047	5.7631058572
MA0055	3	(3, 7) 0.204293132497	3.4304201531
MA0055	3	(4, 8) 0.340923175404	7.05904235949
MA0055	3	(5, 9) 0.181234428634	2.91204555219
MA0055	3	(6, 10) 0.3810842157	8.09579156131
MA0055	3	(7, 11) 0.181504564822	2.91204555219
MA0055	3	(8, 12) 0.159105126429	2.39367095127
MA0057	3	(1, 5) 0.187248023781	3.17123285264
MA0057	3	(4, 8) 0.30088872333	6.02229315766
MA0058	3	(1, 5) 0.197022742409	3.4304201531
MA0058	3	(3, 7) 0.289182658394	5.7631058572
MA0058	3	(4, 8) 0.306851200817	6.28148045812
MA0059	3	(4, 8) 0.169848973915	2.65285825173
MA0059	3	(5, 9) 0.180206055933	2.91204555219
MA0059	3	(7, 11) 0.165580780959	2.65285825173
MA0059	3	(8, 12) 0.194358283606	3.17123285264
MA0065	3	(4, 8) 0.186030208168	3.17123285264
MA0065	3	(10, 14) 0.189968222215	3.17123285264
MA0066	3	(2, 6) 0.222417071079	3.94879475401
MA0066	3	(8, 12) 0.164798045398	2.39367095127
MA0066	3	(10, 14) 0.205890005588	3.68960745355
MA0066	3	(12, 16) 0.359175870095	7.5774169604
MA0067	3	(1, 5) 0.175081989883	2.91204555219
MA0067	3	(3, 7) 0.301726098689	6.02229315766
MA0068	3	(1, 5) 0.211518780997	3.68960745355
MA0068	3	(16, 20) 0.157970219064	2.39367095127
MA0068	3	(20, 24) 0.194855529523	3.17123285264
MA0068	3	(22, 26) 0.192559830965	3.17123285264
MA0069	3	(1, 5) 0.312496811768	6.28148045812
MA0069	3	(3, 7) 0.305134372588	6.28148045812
MA0069	3	(4, 8) 0.167223095198	2.65285825173
MA0069	3	(6, 10) 0.21141785731	3.68960745355
MA0069	3	(7, 11) 0.281761911522	5.50391855675
MA0070	3	(1, 5) 0.215457153986	3.94879475401
MA0070	3	(2, 6) 0.250869018991	4.72635665538
MA0070	3	(3, 7) 0.256109695503	4.98554395584
MA0070	3	(4, 8) 0.248844437887	4.72635665538
MA0070	3	(6, 10) 0.186055721965	3.17123285264
MA0070	3	(7, 11) 0.297471904462	6.02229315766
MA0071	3	(1, 5) 0.157259313144	2.39367095127
MA0071	3	(5, 9) 0.164742441044	2.39367095127
MA0072	3	(2, 6) 0.202850196798	3.4304201531
MA0072	3	(3, 7) 0.215610846839	3.94879475401
MA0072	3	(5, 9) 0.158885873063	2.39367095127
MA0072	3	(6, 10) 0.19358663262	3.17123285264
MA0072	3	(7, 11) 0.19810270406	3.4304201531
MA0072	3	(8, 12) 0.228881041104	4.20798205447
MA0073	3	(1, 5) 0.156490496105	2.39367095127
MA0073	3	(2, 6) 0.215243299566	3.94879475401
MA0073	3	(4, 8) 0.178156154293	2.91204555219
MA0073	3	(5, 9) 0.203751477775	3.4304201531
MA0073	3	(6, 10) 0.17763952124	2.91204555219
MA0073	3	(8, 12) 0.163615884952	2.39367095127
MA0073	3	(11, 15) 0.207883510281	3.68960745355
MA0074	3	(9, 13) 0.258340629679	4.98554395584
MA0076	3	(2, 6) 0.188366942693	3.17123285264
MA0077	3	(1, 5) 0.233595986994	4.20798205447
MA0077	3	(2, 6) 0.162730731238	2.39367095127
MA0077	3	(5, 9) 0.20168680607	3.4304201531
MA0078	3	(2, 6) 0.167255250551	2.65285825173
MA0079	3	(1, 5) 0.261910272597	4.98554395584
MA0079	3	(3, 7) 0.180719422094	2.91204555219
MA0079	3	(5, 9) 0.243095401455	4.46716935492
MA0079	3	(6, 10) 0.201150491616	3.4304201531
MA0080	3	(3, 7) 0.201037308204	3.4304201531
MA0083	3	(1, 5) 0.208429215674	3.68960745355
MA0083	3	(2, 6) 0.163518145792	2.39367095127
MA0083	3	(7, 11) 0.156734161496	2.39367095127
MA0084	3	(2, 6) 0.190316012503	3.17123285264
MA0084	3	(4, 8) 0.164775459254	2.39367095127
MA0087	3	(1, 5) 0.248937697381	4.72635665538
MA0088	3	(1, 5) 0.179399576253	2.91204555219
MA0088	3	(4, 8) 0.210551809361	3.68960745355
MA0088	3	(8, 12) 0.19573246696	3.4304201531
MA0088	3	(10, 14) 0.268870643747	5.24473125629
MA0090	3	(1, 5) 0.169711167343	2.65285825173
MA0090	3	(2, 6) 0.298926877138	6.02229315766
MA0090	3	(5, 9) 0.342337643018	7.05904235949
MA0090	3	(6, 10) 0.300706335962	6.02229315766
MA0090	3	(7, 11) 0.17321101023	2.65285825173
MA0090	3	(8, 12) 0.243066958851	4.46716935492
MA0091	3	(6, 10) 0.171525873781	2.65285825173
MA0092	3	(5, 9) 0.158843665959	2.39367095127
MA0092	3	(6, 10) 0.233553078936	4.20798205447
MA0092	3	(7, 11) 0.183750053347	2.91204555219
MA0093	3	(3, 7) 0.217322850896	3.94879475401
MA0098	3	(3, 7) 0.197944384627	3.4304201531
MA0100	3	(3, 7) 0.184527276095	2.91204555219
MA0101	3	(2, 6) 0.165376732779	2.65285825173
MA0101	3	(4, 8) 0.224502726208	3.94879475401
MA0101	3	(6, 10) 0.17266987182	2.65285825173
MA0102	3	(1, 5) 0.34331609394	7.05904235949
MA0102	3	(2, 6) 0.245671280458	4.72635665538
MA0102	3	(3, 7) 0.187394542324	3.17123285264
MA0102	3	(5, 9) 0.220387391886	3.94879475401
MA0105	3	(2, 6) 0.183279110812	2.91204555219
MA0105	3	(3, 7) 0.189490466989	3.17123285264
MA0105	3	(4, 8) 0.236018476264	4.46716935492
MA0105	3	(5, 9) 0.174765144511	2.65285825173
MA0106	3	(11, 15) 0.170021439917	2.65285825173
MA0106	3	(14, 18) 0.268341893377	5.24473125629
MA0107	3	(2, 6) 0.224781797269	3.94879475401
MA0107	3	(5, 9) 0.267944463266	5.24473125629
pval 0.0