RUNT
MA0002  0  (3,4)  0.38
MA0002  0  (5,6)  0.39
MA0002  4  (3,8)  0.28
MA0002  5  (3,9)  0.27


AP2
MA0003  4  (1,6)  0.42
MA0003  4  (4,9)  0.36
MA0003  6  (1,8)  0.24
MA0003  6  (2,9)  0.28


NUCLEAR RECEPTOR
MA0007  2  (10,13)  0.36
MA0007  2  (16,19)  0.26
MA0007  5  (7,13)  0.26
MA0007  8  (4,13)  0.28
MA0007  8  (8,17)  0.29
MA0007  8  (12,21)  0.2

MA0017  0  (5,6)  0.36
MA0017  0  (6,7)  0.33
MA0017  0  (8,9)  0.42
MA0017  2  (4,7)  0.27
MA0017  4  (1,6)  0.26
MA0017  6  (2,9)  0.24
MA0017  6  (5,12)  0.26
MA0017  8  (2,11)  0.21

MA0065  0  (12,13)  0.36
MA0065  0  (16,17)  0.33
MA0065  2  (10,13)  0.33
MA0065  2  (13,16)  0.3
MA0065  6  (8,15)  0.28
MA0065  6  (9,16)  0.29

MA0066  0  (12,13)  0.36
MA0066  0  (17,18)  0.33
MA0066  1  (14,16)  0.3
MA0066  1  (18,20)  0.3
MA0066  2  (12,15)  0.41
MA0066  5  (2,8)  0.25
MA0066  5  (9,15)  0.31
MA0066  5  (12,18)  0.36

MA0071  0  (8,9)  0.42
MA0071  0  (9,10)  0.45
MA0071  1  (6,8)  0.33
MA0071  1  (8,10)  0.33
MA0071  2  (3,6)  0.27
MA0071  2  (5,8)  0.26
MA0071  2  (6,9)  0.37
MA0071  4  (2,7)  0.25
MA0071  4  (5,10)  0.31
MA0071  5  (4,10)  0.36
MA0071  6  (2,9)  0.23
MA0071  6  (3,10)  0.24

MA0072  0  (2,3)  0.34
MA0072  0  (3,4)  0.38
MA0072  0  (12,13)  0.5
MA0072  2  (5,8)  0.31
MA0072  2  (6,9)  0.27
MA0072  3  (3,7)  0.34
MA0072  3  (4,8)  0.31
MA0072  3  (7,11)  0.32
MA0072  4  (1,6)  0.35
MA0072  4  (3,8)  0.25
MA0072  6  (1,8)  0.25
MA0072  8  (4,13)  0.23

MA0074  0  (2,3)  0.33
MA0074  0  (5,6)  0.35
MA0074  1  (3,5)  0.3
MA0074  1  (4,6)  0.3
MA0074  8  (3,12)  0.23
MA0074  8  (4,13)  0.22


T-BOX
MA0009  0  (6,7)  0.35
MA0009  0  (8,9)  0.41
MA0009  5  (2,8)  0.32


PAIRED
MA0014  8  (2,11)  0.21
MA0014  8  (8,17)  0.27

MA0067  0  (3,4)  0.43
MA0067  0  (4,5)  0.39
MA0067  1  (2,4)  0.36
MA0067  1  (3,5)  0.53
MA0067  1  (6,8)  0.33
MA0067  2  (2,5)  0.38
MA0067  5  (2,8)  0.27

MA0069  0  (3,4)  0.33
MA0069  0  (7,8)  0.38
MA0069  2  (1,4)  0.27
MA0069  2  (8,11)  0.31
MA0069  4  (3,8)  0.25


bZIP
MA0018  0  (6,7)  0.53
MA0018  0  (7,8)  0.42
MA0018  0  (8,9)  0.54
MA0018  0  (10,11)  0.38
MA0018  0  (11,12)  0.35
MA0018  1  (5,7)  0.32
MA0018  1  (6,8)  0.63
MA0018  1  (7,9)  0.34
MA0018  1  (8,10)  0.39
MA0018  2  (5,8)  0.36
MA0018  2  (6,9)  0.49
MA0018  3  (8,12)  0.41
MA0018  4  (1,6)  0.25
MA0018  4  (4,9)  0.25
MA0018  4  (5,10)  0.26
MA0018  4  (6,11)  0.42
MA0018  4  (7,12)  0.31
MA0018  5  (6,12)  0.25
MA0018  8  (1,10)  0.26
MA0018  8  (2,11)  0.2

MA0019  0  (4,5)  0.34
MA0019  0  (6,7)  0.33
MA0019  3  (3,7)  0.27
MA0019  5  (3,9)  0.28

MA0025  0  (1,2)  0.33
MA0025  0  (4,5)  0.35
MA0025  0  (7,8)  0.38
MA0025  4  (2,7)  0.31
MA0025  5  (1,7)  0.26

MA0099  0  (2,3)  0.61
MA0099  0  (4,5)  0.45
MA0099  0  (5,6)  0.34
MA0099  0  (6,7)  0.38
MA0099  0  (7,8)  0.66
MA0099  1  (2,4)  0.35
MA0099  1  (4,6)  0.34
MA0099  1  (6,8)  0.37
MA0099  2  (4,7)  0.32
MA0099  2  (5,8)  0.37
MA0099  3  (3,7)  0.31
MA0099  3  (4,8)  0.43
MA0099  4  (1,6)  0.26
MA0099  4  (3,8)  0.25
MA0099  5  (2,8)  0.32

MA0102  0  (1,2)  0.33
MA0102  0  (2,3)  0.34
MA0102  3  (1,5)  0.3
MA0102  4  (2,7)  0.32
MA0102  4  (3,8)  0.25
MA0102  5  (1,7)  0.36
MA0102  6  (2,9)  0.24


HOMEO
MA0027  0  (3,4)  0.37
MA0027  0  (10,11)  0.35
MA0027  1  (7,9)  0.38
MA0027  2  (4,7)  0.33

MA0063  0  (6,7)  0.42
MA0063  1  (2,4)  0.33

MA0046  0  (3,4)  0.39
MA0046  1  (4,6)  0.4
MA0046  1  (7,9)  0.36
MA0046  1  (10,12)  0.31
MA0046  2  (4,7)  0.3
MA0046  3  (3,7)  0.37
MA0046  3  (6,10)  0.42
MA0046  4  (4,9)  0.42
MA0046  4  (5,10)  0.26
MA0046  4  (7,12)  0.37
MA0046  4  (9,14)  0.26
MA0046  5  (3,9)  0.31
MA0046  5  (5,11)  0.31
MA0046  6  (4,11)  0.27
MA0046  8  (5,14)  0.21

MA0070  0  (1,2)  0.39
MA0070  0  (4,5)  0.34
MA0070  0  (5,6)  0.48
MA0070  0  (9,10)  0.42
MA0070  2  (6,9)  0.36
MA0070  3  (5,9)  0.35


ETS
MA0028  0  (1,2)  0.34
MA0028  0  (5,6)  0.44
MA0028  0  (6,7)  0.58
MA0028  0  (7,8)  0.58
MA0028  0  (8,9)  0.67
MA0028  0  (9,10)  0.52
MA0028  1  (4,6)  0.47
MA0028  1  (5,7)  0.5
MA0028  1  (6,8)  0.58
MA0028  1  (7,9)  0.7
MA0028  1  (8,10)  0.33
MA0028  2  (4,7)  0.35
MA0028  2  (5,8)  0.53
MA0028  2  (6,9)  0.54
MA0028  2  (7,10)  0.32
MA0028  3  (4,8)  0.43
MA0028  3  (5,9)  0.53
MA0028  3  (6,10)  0.27
MA0028  4  (1,6)  0.32
MA0028  4  (4,9)  0.45

MA0062  0  (3,4)  0.53
MA0062  0  (4,5)  0.56
MA0062  0  (5,6)  0.58
MA0062  0  (6,7)  0.56
MA0062  0  (7,8)  0.48
MA0062  1  (3,5)  0.55
MA0062  1  (4,6)  0.65
MA0062  1  (5,7)  0.6
MA0062  1  (7,9)  0.3
MA0062  2  (2,5)  0.37
MA0062  2  (3,6)  0.55
MA0062  2  (4,7)  0.55
MA0062  2  (5,8)  0.37
MA0062  2  (7,10)  0.39
MA0062  3  (2,6)  0.42
MA0062  3  (3,7)  0.52
MA0062  3  (4,8)  0.4
MA0062  3  (6,10)  0.3
MA0062  4  (2,7)  0.39
MA0062  4  (3,8)  0.28
MA0062  4  (4,9)  0.28
MA0062  4  (5,10)  0.34
MA0062  5  (2,8)  0.3
MA0062  5  (4,10)  0.44
MA0062  6  (3,10)  0.35

MA0076  0  (2,3)  0.4
MA0076  0  (3,4)  0.5
MA0076  0  (4,5)  0.7
MA0076  0  (5,6)  0.74
MA0076  0  (6,7)  0.72
MA0076  0  (7,8)  0.41
MA0076  1  (2,4)  0.45
MA0076  1  (3,5)  0.61
MA0076  1  (4,6)  0.61
MA0076  1  (5,7)  0.67
MA0076  1  (6,8)  0.36
MA0076  1  (7,9)  0.4
MA0076  2  (1,4)  0.26
MA0076  2  (2,5)  0.44
MA0076  2  (3,6)  0.68
MA0076  2  (4,7)  0.59
MA0076  2  (5,8)  0.31
MA0076  2  (6,9)  0.38
MA0076  3  (2,6)  0.47
MA0076  3  (3,7)  0.64
MA0076  3  (4,8)  0.5
MA0076  4  (2,7)  0.46
MA0076  4  (3,8)  0.27
MA0076  4  (4,9)  0.27
MA0076  5  (2,8)  0.28
MA0076  5  (3,9)  0.29


ZN-FINGER, C2H2
MA0029  1  (9,11)  0.33

MA0038  0  (1,2)  0.52
MA0038  0  (2,3)  0.4
MA0038  0  (4,5)  0.44
MA0038  0  (6,7)  0.33
MA0038  0  (9,10)  0.35
MA0038  1  (2,4)  0.35
MA0038  1  (3,5)  0.37
MA0038  1  (5,7)  0.35
MA0038  2  (1,4)  0.32
MA0038  2  (2,5)  0.38
MA0038  2  (4,7)  0.31
MA0038  3  (1,5)  0.3
MA0038  3  (2,6)  0.27
MA0038  3  (3,7)  0.29
MA0038  3  (6,10)  0.28
MA0038  4  (5,10)  0.27
MA0038  6  (1,8)  0.24
MA0038  8  (1,10)  0.2

MA0039  0  (1,2)  0.35
MA0039  1  (6,8)  0.29
MA0039  3  (4,8)  0.29
MA0039  4  (3,8)  0.26
MA0039  5  (2,8)  0.32
MA0039  6  (1,8)  0.24

MA0057  0  (2,3)  0.41
MA0057  0  (8,9)  0.44
MA0057  0  (9,10)  0.38
MA0057  4  (3,8)  0.32
MA0057  5  (3,9)  0.36

MA0073  2  (1,4)  0.26
MA0073  4  (5,10)  0.25

MA0079  0  (4,5)  0.34
MA0079  1  (3,5)  0.33
MA0079  1  (4,6)  0.3
MA0079  2  (3,6)  0.31
MA0079  2  (4,7)  0.4
MA0079  3  (2,6)  0.29
MA0079  3  (3,7)  0.29

MA0088  0  (1,2)  0.5
MA0088  0  (5,6)  0.36
MA0088  0  (6,7)  0.58
MA0088  0  (7,8)  0.58
MA0088  0  (8,9)  0.4
MA0088  0  (11,12)  0.33
MA0088  1  (2,4)  0.33
MA0088  1  (3,5)  0.3
MA0088  1  (5,7)  0.42
MA0088  1  (6,8)  0.57
MA0088  1  (8,10)  0.31
MA0088  2  (5,8)  0.39
MA0088  2  (6,9)  0.31
MA0088  2  (7,10)  0.33
MA0088  3  (1,5)  0.27
MA0088  4  (1,6)  0.28
MA0088  4  (2,7)  0.32
MA0088  4  (5,10)  0.28
MA0088  4  (10,15)  0.25
MA0088  5  (1,7)  0.45
MA0088  6  (1,8)  0.28
MA0088  6  (8,15)  0.46
MA0088  8  (1,10)  0.22
MA0088  8  (5,14)  0.22
MA0088  8  (6,15)  0.22


FORKHEAD
MA0030  0  (1,2)  0.37
MA0030  0  (8,9)  0.38
MA0030  0  (9,10)  0.41
MA0030  0  (11,12)  0.42
MA0030  1  (3,5)  0.29
MA0030  1  (8,10)  0.36
MA0030  1  (12,14)  0.33
MA0030  2  (5,8)  0.28
MA0030  2  (7,10)  0.26
MA0030  2  (10,13)  0.28
MA0030  3  (1,5)  0.29
MA0030  3  (4,8)  0.28
MA0030  3  (7,11)  0.3
MA0030  5  (3,9)  0.28
MA0030  6  (4,11)  0.26

MA0031  0  (3,4)  0.4
MA0031  0  (6,7)  0.45
MA0031  1  (3,5)  0.35
MA0031  2  (2,5)  0.29
MA0031  3  (3,7)  0.27

MA0032  2  (5,8)  0.26

MA0040  0  (7,8)  0.38
MA0040  1  (6,8)  0.32
MA0040  1  (7,9)  0.3
MA0040  3  (5,9)  0.28

MA0041  1  (9,11)  0.29
MA0041  3  (4,8)  0.33

MA0042  0  (6,7)  0.34
MA0042  0  (11,12)  0.34
MA0042  1  (6,8)  0.32
MA0042  1  (10,12)  0.31
MA0042  3  (4,8)  0.34
MA0042  4  (7,12)  0.29

MA0047  0  (7,8)  0.37
MA0047  0  (11,12)  0.34
MA0047  1  (4,6)  0.31
MA0047  2  (5,8)  0.32
MA0047  3  (5,9)  0.32
MA0047  3  (6,10)  0.27


bHLH
MA0048  1  (10,12)  0.38
MA0048  2  (3,6)  0.27
MA0048  2  (4,7)  0.28
MA0048  2  (5,8)  0.26
MA0048  2  (6,9)  0.28
MA0048  2  (7,10)  0.3
MA0048  4  (1,6)  0.28
MA0048  4  (2,7)  0.28
MA0048  4  (4,9)  0.35
MA0048  4  (6,11)  0.26
MA0048  4  (7,12)  0.3
MA0048  5  (3,9)  0.26
MA0048  5  (4,10)  0.27

MA0055  0  (1,2)  0.4
MA0055  0  (3,4)  0.42
MA0055  0  (4,5)  0.4
MA0055  0  (6,7)  0.38
MA0055  0  (7,8)  0.39
MA0055  0  (9,10)  0.4
MA0055  0  (10,11)  0.35
MA0055  1  (1,3)  0.29
MA0055  1  (2,4)  0.32
MA0055  1  (5,7)  0.29
MA0055  1  (7,9)  0.37
MA0055  2  (1,4)  0.27
MA0055  2  (4,7)  0.34
MA0055  2  (5,8)  0.44
MA0055  2  (8,11)  0.27
MA0055  2  (9,12)  0.31
MA0055  3  (3,7)  0.28
MA0055  5  (2,8)  0.33
MA0055  5  (4,10)  0.25
MA0055  5  (5,11)  0.26
MA0055  6  (3,10)  0.23
MA0055  6  (4,11)  0.24
MA0055  8  (1,10)  0.25
MA0055  8  (2,11)  0.37
MA0055  8  (3,12)  0.31

MA0091  0  (5,6)  0.52
MA0091  0  (8,9)  0.38
MA0091  0  (9,10)  0.38
MA0091  1  (2,4)  0.31
MA0091  2  (6,9)  0.29
MA0091  3  (6,10)  0.33
MA0091  3  (7,11)  0.27
MA0091  6  (3,10)  0.24

MA0092  0  (3,4)  0.43
MA0092  0  (5,6)  0.48
MA0092  0  (8,9)  0.43
MA0092  1  (3,5)  0.34
MA0092  1  (4,6)  0.29


bHLH-ZIP
MA0058  0  (3,4)  0.38
MA0058  0  (4,5)  0.55
MA0058  0  (5,6)  0.58
MA0058  0  (7,8)  0.45
MA0058  0  (8,9)  0.59
MA0058  0  (9,10)  0.4
MA0058  1  (4,6)  0.47
MA0058  1  (5,7)  0.4
MA0058  1  (6,8)  0.42
MA0058  1  (7,9)  0.52
MA0058  2  (3,6)  0.41
MA0058  2  (4,7)  0.46
MA0058  2  (5,8)  0.55
MA0058  2  (6,9)  0.48
MA0058  2  (7,10)  0.3
MA0058  3  (4,8)  0.42
MA0058  3  (5,9)  0.36
MA0058  4  (3,8)  0.34
MA0058  4  (4,9)  0.43
MA0058  4  (5,10)  0.26
MA0058  5  (3,9)  0.37

MA0059  0  (3,4)  0.35
MA0059  0  (4,5)  0.4
MA0059  0  (7,8)  0.38
MA0059  0  (8,9)  0.5
MA0059  1  (4,6)  0.38
MA0059  2  (3,6)  0.41
MA0059  2  (4,7)  0.41
MA0059  2  (5,8)  0.49
MA0059  2  (6,9)  0.35
MA0059  2  (7,10)  0.35
MA0059  3  (2,6)  0.27
MA0059  4  (2,7)  0.28
MA0059  4  (3,8)  0.31
MA0059  4  (4,9)  0.25
MA0059  4  (5,10)  0.32
MA0059  4  (6,11)  0.25
MA0059  6  (1,8)  0.23

MA0093  0  (1,2)  0.53
MA0093  0  (2,3)  0.45
MA0093  0  (4,5)  0.51
MA0093  0  (5,6)  0.65
MA0093  0  (6,7)  0.39
MA0093  1  (1,3)  0.43
MA0093  1  (2,4)  0.49
MA0093  1  (3,5)  0.3
MA0093  1  (4,6)  0.57
MA0093  2  (1,4)  0.48
MA0093  2  (2,5)  0.68
MA0093  2  (3,6)  0.37
MA0093  2  (4,7)  0.33
MA0093  3  (1,5)  0.34
MA0093  3  (2,6)  0.37
MA0093  4  (1,6)  0.49
MA0093  4  (2,7)  0.26
MA0093  5  (1,7)  0.27


TRP-CLUSTER
MA0050  0  (3,4)  0.42
MA0050  0  (6,7)  0.34
MA0050  0  (9,10)  0.34
MA0050  1  (2,4)  0.38
MA0050  1  (8,10)  0.29
MA0050  2  (9,12)  0.28
MA0050  3  (1,5)  0.29
MA0050  4  (4,9)  0.28
MA0050  5  (2,8)  0.26
MA0050  5  (3,9)  0.34
MA0050  6  (3,10)  0.24

MA0051  0  (4,5)  0.38
MA0051  1  (2,4)  0.34
MA0051  2  (15,18)  0.28
MA0051  4  (11,16)  0.25
MA0051  5  (4,10)  0.35
MA0051  5  (9,15)  0.25
MA0051  5  (10,16)  0.25
MA0051  8  (6,15)  0.24

MA0100  0  (1,2)  0.36
MA0100  0  (2,3)  0.41
MA0100  0  (6,7)  0.44
MA0100  0  (7,8)  0.41
MA0100  2  (2,5)  0.33
MA0100  6  (1,8)  0.42


MADS
MA0052  0  (1,2)  0.4
MA0052  0  (6,7)  0.38
MA0052  1  (1,3)  0.36
MA0052  1  (2,4)  0.37
MA0052  1  (3,5)  0.37
MA0052  1  (4,6)  0.31
MA0052  1  (6,8)  0.3
MA0052  2  (2,5)  0.34
MA0052  2  (3,6)  0.35
MA0052  2  (7,10)  0.31
MA0052  3  (1,5)  0.28
MA0052  3  (2,6)  0.33
MA0052  3  (4,8)  0.28
MA0052  3  (5,9)  0.31
MA0052  4  (2,7)  0.27
MA0052  4  (4,9)  0.31
MA0052  5  (3,9)  0.36
MA0052  8  (1,10)  0.21

MA0083  0  (1,2)  0.34
MA0083  0  (4,5)  0.4
MA0083  0  (9,10)  0.42
MA0083  0  (10,11)  0.39
MA0083  1  (5,7)  0.3
MA0083  1  (7,9)  0.29
MA0083  2  (1,4)  0.26
MA0083  2  (2,5)  0.31
MA0083  2  (5,8)  0.3
MA0083  2  (7,10)  0.27
MA0083  2  (8,11)  0.37
MA0083  3  (3,7)  0.36
MA0083  3  (6,10)  0.33
MA0083  3  (8,12)  0.28
MA0083  4  (2,7)  0.34
MA0083  4  (3,8)  0.25
MA0083  4  (4,9)  0.27
MA0083  6  (3,10)  0.25
MA0083  6  (5,12)  0.24
MA0083  8  (3,12)  0.29


REL
MA0061  0  (1,2)  0.4
MA0061  0  (5,6)  0.41
MA0061  0  (6,7)  0.34
MA0061  0  (7,8)  0.34
MA0061  0  (9,10)  0.38
MA0061  1  (3,5)  0.33
MA0061  1  (6,8)  0.35
MA0061  1  (7,9)  0.29
MA0061  2  (1,4)  0.29
MA0061  2  (3,6)  0.34
MA0061  2  (5,8)  0.38
MA0061  2  (7,10)  0.4
MA0061  5  (4,10)  0.31
MA0061  6  (3,10)  0.26

MA0101  0  (6,7)  0.56
MA0101  0  (7,8)  0.42
MA0101  0  (9,10)  0.47
MA0101  1  (5,7)  0.35
MA0101  1  (6,8)  0.32
MA0101  1  (7,9)  0.34
MA0101  2  (7,10)  0.3
MA0101  4  (3,8)  0.32
MA0101  4  (5,10)  0.26
MA0101  5  (1,7)  0.25
MA0101  6  (1,8)  0.27
MA0101  8  (1,10)  0.3

MA0105  0  (1,2)  0.34
MA0105  0  (6,7)  0.37
MA0105  0  (7,8)  0.34
MA0105  0  (9,10)  0.35
MA0105  4  (2,7)  0.3
MA0105  4  (3,8)  0.3
MA0105  4  (4,9)  0.27
MA0105  4  (5,10)  0.34

MA0107  0  (3,4)  0.35
MA0107  0  (6,7)  0.52
MA0107  0  (7,8)  0.39
MA0107  0  (9,10)  0.38
MA0107  1  (3,5)  0.29
MA0107  1  (5,7)  0.3
MA0107  1  (7,9)  0.29
MA0107  2  (4,7)  0.27
MA0107  2  (5,8)  0.26
MA0107  2  (6,9)  0.27
MA0107  2  (7,10)  0.37
MA0107  5  (1,7)  0.26
MA0107  5  (4,10)  0.25
MA0107  6  (3,10)  0.28
MA0107  8  (1,10)  0.26


HMG
MA0077  0  (3,4)  0.34
MA0077  0  (4,5)  0.5
MA0077  0  (7,8)  0.34
MA0077  1  (3,5)  0.36
MA0077  1  (5,7)  0.3
MA0077  2  (3,6)  0.29
MA0077  2  (4,7)  0.31
MA0077  2  (5,8)  0.26
MA0077  3  (4,8)  0.27
MA0077  4  (1,6)  0.29
MA0077  4  (4,9)  0.28

MA0078  0  (6,7)  0.54
MA0078  1  (2,4)  0.29
MA0078  1  (4,6)  0.37
MA0078  1  (6,8)  0.31
MA0078  2  (4,7)  0.31
MA0078  3  (3,7)  0.28
MA0078  5  (3,9)  0.25
MA0078  6  (1,8)  0.23

MA0084  1  (3,5)  0.29
MA0084  2  (2,5)  0.3
MA0084  3  (2,6)  0.27
MA0084  3  (3,7)  0.28
MA0084  6  (2,9)  0.24


TEA
MA0090  0  (3,4)  0.41
MA0090  0  (4,5)  0.38
MA0090  0  (5,6)  0.42
MA0090  0  (7,8)  0.35
MA0090  0  (8,9)  0.36
MA0090  0  (11,12)  0.34
MA0090  1  (1,3)  0.29
MA0090  1  (2,4)  0.35
MA0090  1  (4,6)  0.31
MA0090  3  (2,6)  0.28
MA0090  4  (3,8)  0.28
MA0090  4  (6,11)  0.27
MA0090  6  (3,10)  0.23
MA0090  6  (4,11)  0.23


P53
MA0106  0  (7,8)  0.33
MA0106  0  (16,17)  0.34
MA0106  1  (7,9)  0.31
MA0106  1  (13,15)  0.29
MA0106  2  (7,10)  0.28
MA0106  2  (9,12)  0.32
MA0106  2  (10,13)  0.27
MA0106  3  (2,6)  0.31
MA0106  4  (10,15)  0.27
MA0106  5  (5,11)  0.39
MA0106  5  (7,13)  0.28
MA0106  5  (10,16)  0.26
MA0106  6  (4,11)  0.25
MA0106  8  (10,19)  0.23


MA0024 Unknown
MA0024  0  (1,2)  0.37
MA0024  0  (2,3)  0.48
MA0024  0  (3,4)  0.35
MA0024  0  (5,6)  0.37
MA0024  0  (7,8)  0.38
MA0024  1  (1,3)  0.35
MA0024  1  (2,4)  0.31
MA0024  1  (5,7)  0.31
MA0024  1  (6,8)  0.32
MA0024  2  (1,4)  0.3
MA0024  2  (4,7)  0.3
MA0024  2  (5,8)  0.32