0.34
1.31
0.58
0.87
1.8
1.99
1.99
0.42
1.42
1.99
1.99
1.99
0.11
0.1
0.31
0.12
0.4
0.76
1.27
1.99
1.71
1.99
1.99
1.99
0.28
1.75
1.75
1.99
1.75
1.99
0.06
0.57
0.22
0.16
0.2
0.27
1.59
0.9
1.35
0.34
0.86
1.99
0.22
0.21
0.53
0.43
1.34
1.99
1.51
0.31
0.01
0.6
0.99
1.99
0.74
1.99
1.61
1.99
1.99
1.99
1.99
0.71
1.71
0.54
0.27
0.56
1.99
0.7
1.18
0.34
0.68
0.51
1.34
0.66
0.15
0.04
1.08
0.38
0.2
0.1
0.38
0.54
0.61
0.37
0.47
0.47
0.82
0.54
1.38
1.59
1.59
1.99
1.0
1.38
1.22
1.38
1.59
0.8
1.99
0.11
0.45
0.49
0.02
0.26
0.78
1.66
1.99
1.99
1.99
0.44
0.28
0.75
0.09
0.37
0.06
1.8
1.8
1.8
1.24
1.38
1.52
1.99
1.99
1.99
1.27
1.02
1.99
1.99
1.52
0.13
0.04
1.75
1.75
1.56
1.56
1.06
1.99
1.99
0.52
1.75
0.43
0.28
0.15
1.11
0.24
0.43
1.27
1.11
1.11
0.1
0.15
0.8
0.07
0.1
0.05
1.16
0.64
1.75
1.41
0.97
1.75
1.39
1.49
0.0
1.38
0.34
0.3
1.51
0.81
0.83
1.99
1.75
1.99
1.99
1.99
1.62
1.99
0.42
1.99
0.07
0.25
0.49
0.06
0.57
0.15
1.99
1.17
1.99
1.99
1.15
1.71
1.99
1.43
1.99
1.99
1.43
0.2
0.02
0.02
0.11
0.14
0.2
1.99
1.99
1.99
0.35
0.08
0.2
0.2
0.35
1.56
1.56
1.75
0.01
1.61
1.99
0.2
1.71
0.16
0.04
1.85
1.55
0.24
1.99
0.22
1.71
1.85
0.69
1.59
0.46
0.32
0.09
1.99
0.42
1.71
1.99
0.47
1.85
0.28
0.28
1.61
0.31
0.68
0.86
0.56
0.48
0.75
0.48
0.8
0.71
0.54
0.93
0.07
0.7
0.73
1.99
1.34
1.99
1.99
1.67
1.99
1.19
0.86
1.17
0.38
0.88
0.87
1.04
1.42
1.85
1.99
0.45
0.8
0.5
1.22
0.9
0.35
0.08
0.1
1.01
1.99
1.99
1.99
0.99
1.99
0.57
1.18
0.03
0.24
1.67
1.08
0.71
1.34
1.08
1.18
0.93
0.99
1.29
1.52
0.21
0.5
0.68
0.77
1.71
1.71
1.71
1.71
1.71
0.81
0.87
0.15
1.03
1.0
1.12
0.25
0.28
0.54
1.06
1.67
1.67
1.67
1.0
1.06
0.92
0.62
0.15
0.02
0.63
0.97
1.99
1.85
1.53
1.71
1.85
1.71
0.85
1.99
0.66
0.51
1.71
1.71
0.4
1.99
1.43
0.99
1.71
1.99
1.99
1.99
0.61
0.99
0.54
0.11
0.22
0.39
0.27
0.7
1.99
1.34
1.99
1.56
0.99
1.34
1.99
1.99
1.33
1.33
1.85
1.99
1.36
1.66
1.05
1.52
1.8
1.8
1.04
1.04
1.99
0.73
0.69
1.0
1.99
1.66
1.66
1.0
1.99
1.04
0.1
1.52
1.71
1.99
1.71
1.52
0.24
0.23
1.66
0.57
1.66
1.1
1.44
1.43
0.69
0.3
0.06
0.2
0.22
0.83
1.67
1.99
1.66
1.99
1.99
1.99
0.68
1.15
0.28
0.4
0.76
1.99
1.71
1.71
1.71
1.99
1.71
1.71
1.99
1.8
1.99
0.44
1.07
1.24
0.76
1.52
0.76
0.61
0.85
1.38
0.84
1.99
1.99
1.99
1.99
0.16
1.99
0.74
1.99
1.2
1.02
1.99
0.53
0.73
1.99
1.99
1.99
1.71
1.71
1.71
1.57
1.29
0.13
0.12
0.03
0.03
0.22
0.05
1.02
0.96
1.71
1.99
1.43
1.71
0.52
0.05
0.75
1.39
1.75
1.09
0.61
1.49
0.11
1.09
0.96
0.28
1.09
1.49
1.52
1.75
1.14
1.18
0.27
1.52
0.05
1.21
0.71
1.15
1.44
0.77
0.57
0.28
0.25
0.35
0.22
0.35
0.17
0.03
0.13
0.58
0.38
0.38
0.43
0.81
1.71
0.5
0.55
0.47
0.38
0.06
0.54
0.53
0.34
0.15
0.12
0.21
0.25
0.1
0.06
0.13
0.14
0.45
1.27
0.58
0.98
0.02
0.9
0.87
0.62
1.43
0.98
1.43
1.28
1.71
1.28
0.54
0.84
1.35
0.25
0.09
1.35
0.2
1.99
1.35
1.67
1.67
1.99
1.67
1.99
0.57
0.21
0.84
1.36
0.21
1.99
1.99
1.99
1.99
1.99
1.99
1.99
1.99
0.13
0.02
0.68
0.27
1.05
1.8
1.99
0.2
1.99
1.23
1.05
1.99
1.15
1.55
1.31
0.67
0.32
0.5
0.76
0.67
0.18
1.15
1.15
1.55
1.05
1.99
1.15
1.31
1.99
0.67
1.99
0.99
1.52
1.99
0.84
1.52
1.11
1.52
1.99
1.52
1.99
0.48
1.52
1.27
0.08
1.3
1.85
1.99
1.85
1.99
0.98
1.99
1.99
1.99
1.99
1.27
1.99
0.86
1.0
0.19
1.07
0.68
1.28
1.61
1.63
1.53
0.74
0.33
0.02
0.54
0.08
1.8
1.8
1.99
1.99
0.61
1.66
1.18
0.24
1.99
0.24
0.69
1.99
0.69
0.5
0.91
1.18
0.22
1.47
1.12
1.85
1.85
0.63
1.04
0.38
0.55
1.71
1.75
1.75
1.85
1.75
0.95
1.61
1.19
1.85
0.82
1.0
1.85
1.99
1.49
1.63
1.85
0.07
0.63
0.22
1.49
0.49
1.99
1.63
0.85
1.75
0.12
1.75
1.51
1.99
1.75
1.99
1.75
0.47
0.64
1.52
0.63
1.99
0.7
0.31
0.64
0.64
0.51
0.7
0.43
0.15
0.43
0.84
0.51
1.99
0.84
1.52
1.99
0.04
1.99
1.24
1.99
1.61
1.01
0.04
0.7
0.73
0.37
1.99
1.18
1.99
1.99
1.99
1.99
1.01
1.56
0.7
1.85
0.87
0.04
1.35
0.17
1.85
1.0
1.05
1.99
1.99
1.15
0.3
0.07
1.05
0.58
1.99
1.75
1.29
1.99
0.66
0.35
1.99
1.63
1.99
1.6
1.8
0.27
1.99
0.25
1.99
1.66
1.99
1.99
0.16
0.28
1.8
1.01
1.8
1.8
0.27
0.72
1.7
1.99
0.32
1.7
1.09
1.42
1.7
0.56
1.61
0.61
1.85
0.23
1.99
1.61
1.33
1.66
0.47
1.35
1.35
0.06
0.39
1.67
0.54
1.46
1.46
0.18
0.09
0.19
1.34
0.22
0.64
0.34
0.28
1.99
1.18
0.64
1.99
1.14
1.85
1.52
1.85
1.63
0.33
1.99
1.8
1.63
1.52
1.44
1.99
1.04
1.99
1.99
1.99
1.99
0.79
1.49
0.7
0.7
1.66
1.14
1.66
1.06
1.35
1.66
1.2
1.15
1.46
1.15
1.03
1.46
0.84
0.24
1.2
0.25
1.2
1.12
1.99
1.99
1.99
1.99
1.99
0.65
1.99
1.66
0.37
1.03
1.99
1.49
1.99
1.49
